Reg#  RType  BP(x,y,z)           Dim[m]          Orient        Grad B [T/m]  Spec   Loss    Depol   WPot[neV]  BPot[neV]  Scat   Absorb[1/s]   Det  PM  SM  LM  DM
0     2      0.0,0.0,0.0         0.36,0.40000  0.0,0.0,0.0    0.0,0.0,0.0   0.900  5.0e-4  1.0e-6  335.0      18.5       0.0    0.287         1    1   0   0   0
1     2      *                   0.36,0.00001  0.0,0.0,0.0    0.0,0.0,0.0   0.900  5.0e-4  1.0e-6  335.0      18.5       0.0    0.287         0    1   0   0   0
2     2      >0.0,0.18,0.20      0.14,0.0100   0.0,-90.0,0.0  0.0,0.0,0.0   0.900  5.0e-4  1.0e-6  335.0      18.5       0.0    0.287         0    1   0   0   0
3     2      *                   0.14,0.0500   0.0,-90.0,0.0  0.0,0.0,0.0   0.900  5.0e-4  1.0e-6  335.0      18.5       0.0    9999.0        2    1   0   0   0
4     2      >0.0,-0.18,0.20     0.18,0.0100   0.0,90,0,0.0   0.0,0.0,0.0   0.900  5.0e-4  1.0e-6  335.0      18.5       0.0    0.287         0    1   0   0   0
5     2      *                   0.18,0.0001   0.0,90,0,0.0   0.0,0.0,0.0   0.900  5.0e-4  1.0e-6  335.0      54.0       0.0    2840.0        3    1   0   0   0
6     2      *                   0.18,0.1000   0.0,90,0,0.0   0.0,0.0,0.0   0.900  5.0e-4  1.0e-6  335.0      0.00       0.0    0.000         0    0   0   0   0
7     2      *                   0.18,0.0500   0.0,90,0,0.0   0.0,0.0,0.0   0.900  5.0e-4  1.0e-6  335.0      0.00       0.0    9999.0        4    1   0   0   0
/
