Neutron Energy (neV) - 100000
262.108465
310.313071
217.209127
207.90178
273.687251
322.894498
379.607376
330.056862
311.525432
259.991105
267.747786
211.643992
392.538251
236.751431
266.617234
161.263891
162.954783
407.69745
286.465685
399.685385
348.118532
306.140741
343.763822
304.014079
154.176209
398.619929
179.55388
405.328682
264.705885
363.14339
332.089352
287.868512
250.284498
395.313945
283.679956
363.730797
380.129769
216.348305
354.490638
306.698776
264.252631
352.643232
310.547606
311.813981
323.34448
343.906665
202.315634
278.196006
399.136678
350.372022
340.699637
401.900775
249.245107
376.602441
398.234537
315.387395
332.735958
401.46927
300.580127
341.993694
277.834294
130.670044
222.732846
180.667117
185.574742
380.042126
240.143196
208.159775
312.895974
374.730823
322.75536
354.191906
249.421402
284.456986
327.75817
260.694961
370.323812
394.484216
375.204163
350.733715
376.21793
212.327153
305.316651
249.818503
366.673292
294.08958
301.432965
386.478639
396.819822
314.31975
375.900942
351.714595
173.305878
341.152864
358.162154
273.815902
264.182942
196.863453
391.444331
404.549483
335.544375
396.739559
257.586446
389.294859
404.446022
389.369489
227.516586
231.366658
335.699729
347.410465
331.153241
310.702097
237.746116
375.220177
231.363993
293.093803
290.886755
295.70175
133.331325
335.771592
218.074134
352.59789
295.918416
349.445612
283.74602
224.460919
287.988525
310.254099
367.51686
190.926803
358.03758
298.231991
404.755346
342.412052
156.939977
273.903884
221.408099
141.314355
403.546382
405.941978
379.466165
252.000758
250.585014
338.320849
277.157683
254.666324
131.973811
347.443956
269.740583
334.365377
235.63671
392.396342
387.066003
408.355475
332.941427
272.158931
212.446687
328.973469
337.914195
317.240517
323.03545
357.648348
361.258631
382.614326
265.196757
303.57044
350.521254
391.738126
346.575871
259.078953
320.650485
232.158034
265.196443
145.194049
340.844903
274.468699
351.009398
403.776166
322.634983
335.130017
161.637639
398.006315
235.138697
361.83145
277.63498
390.894148
401.195962
392.033181
327.447757
295.494566
390.290263
303.350407
331.125797
328.027666
341.921157
350.157582
335.050742
318.281161
253.87109
383.396289
240.961348
304.871737
212.875427
172.989722
383.435213
255.225633
209.477512
262.449733
222.395988
300.732635
288.495661
340.02154
363.298889
352.846962
306.332969
249.494041
237.463293
252.873253
158.355101
214.566849
128.550347
175.521946
260.410638
279.85796
208.283777
302.149236
174.039252
271.806229
159.922882
240.775838
377.079735
273.006351
300.908293
380.320815
322.933032
390.415241
281.996144
186.923908
373.897126
335.399437
394.055235
362.303409
178.455862
373.031368
336.344151
390.658521
278.555073
373.427052
182.025512
247.326405
211.876412
209.684817
283.604374
409.314393
146.991563
231.437209
385.669535
361.131757
395.779673
369.174053
167.356647
344.774384
302.129059
258.388481
355.423112
389.785104
324.707789
265.379315
206.875065
386.38456
337.511695
225.617728
315.440299
401.692169
283.058119
334.746315
364.480118
161.562859
255.830488
331.790547
288.161244
315.700143
199.384027
341.774661
229.272343
316.758613
320.484771
176.108057
393.418201
398.900479
342.478324
312.61896
397.715697
258.354342
243.421374
171.584718
358.385346
226.691453
295.062565
353.210082
391.29049
347.301809
194.552194
176.182616
367.447666
401.741467
365.116199
330.846942
368.998537
376.083569
222.962875
220.092342
406.115559
308.141576
292.098518
345.771163
397.402869
401.383099
397.840956
367.145743
335.826448
393.677425
360.858157
272.01707
325.074853
368.901552
258.767477
338.063117
336.682251
292.175893
262.282732
171.203339
276.898696
318.561929
352.044732
336.048944
262.532038
246.872318
287.343297
341.546647
260.121797
268.993129
328.299605
357.875031
338.813835
202.601357
354.341132
381.251964
245.844992
296.925019
370.064519
348.294912
309.38767
312.344663
323.267518
322.599695
177.883744
315.268931
321.424414
397.523801
388.123313
334.918787
301.908275
272.775005
300.860935
208.538118
388.39001
220.149854
375.370958
386.652367
260.300291
317.365297
256.782235
384.491322
399.700522
385.170669
361.235654
349.622254
367.960874
236.428014
401.485928
257.707303
318.165524
280.687323
322.471017
139.306797
217.136006
242.26222
397.198557
321.525381
306.987349
232.799608
299.875689
339.441599
223.585244
323.574117
364.961446
397.542276
145.466953
182.293567
387.891036
387.86495
386.014873
325.688568
257.891929
221.892431
258.671524
356.641563
336.696592
363.464153
181.34083
160.412235
407.478863
242.750114
262.552804
318.131917
364.311902
325.623088
379.247565
275.877818
406.837982
233.003963
269.953399
385.940707
196.83225
354.180377
283.481635
277.564176
247.76286
337.952712
194.895451
286.886204
264.566767
346.922665
187.03432
332.106638
352.343008
364.216725
237.147205
320.62576
272.397633
280.734434
239.809062
402.299304
276.603885
387.122917
268.724884
289.777
370.12626
397.168889
390.623958
227.46634
259.438834
315.989413
341.457676
369.431188
335.371491
293.24498
342.332046
385.666448
273.708151
312.533874
350.15569
317.713724
363.886599
194.800262
265.128882
238.778173
238.981937
377.820922
385.433185
364.342703
329.578583
389.213519
199.737927
344.368111
268.523687
320.588012
384.556085
352.98782
335.886852
329.094571
325.768164
195.978703
194.765885
356.563856
390.767743
153.413887
312.881392
382.667149
352.260367
313.797648
257.232465
284.861306
218.986204
358.86341
308.619775
340.029303
141.384934
239.795822
355.061585
316.145657
217.278926
362.343674
389.976835
408.696408
346.899977
387.6425
285.867363
228.111817
336.325344
185.498492
151.516038
162.257925
204.172756
174.784379
290.763925
331.655645
268.935343
277.121794
228.252826
384.987596
276.163044
306.879694
361.576271
302.953933
356.235804
361.099988
299.846574
265.580939
316.477508
344.499633
112.051554
259.14005
154.702693
117.609662
254.735291
329.654624
378.470158
395.405931
237.52028
400.277353
303.065677
345.509271
228.958959
369.508736
181.454072
261.081093
363.266102
357.371241
363.255645
297.826798
372.870141
367.443954
283.291165
345.15505
234.105916
286.103562
343.442459
186.094188
322.316905
267.978607
346.938324
201.013221
337.133096
407.935732
342.772861
196.03945
239.915691
291.017067
273.18958
317.35057
375.031297
310.203676
332.406886
270.967939
147.689932
353.501576
235.521778
262.139825
326.32534
263.294691
326.246279
270.269289
240.328819
349.629902
292.562731
406.05045
292.309328
399.689741
280.579952
353.393689
262.473966
290.141306
289.739888
399.180308
235.517565
290.049359
170.527566
284.648487
317.625853
387.723265
363.011667
388.570237
390.081797
372.476234
238.633695
357.319487
347.812614
136.305018
364.232382
354.538412
311.385016
181.270403
359.032127
267.308633
308.213893
277.869476
356.459023
361.440641
380.613443
186.885871
292.781498
249.062858
325.439712
263.45705
395.51755
371.906271
339.803438
357.727984
363.574038
312.742771
325.438024
331.337962
182.174926
377.631418
272.632781
333.305226
258.061188
334.406799
204.488427
398.571679
375.273889
342.938089
397.293034
316.671698
280.791839
206.336493
394.355496
323.141906
278.672389
286.977499
247.612191
160.814039
257.947114
291.433381
395.122173
320.933066
348.724866
285.304479
364.97284
232.782705
257.260889
349.507682
216.540865
407.580176
377.535343
396.957586
378.475948
337.721786
232.034955
149.953493
305.888587
379.853886
129.965999
405.392202
247.187345
314.128784
340.112229
220.573009
340.867916
401.574584
279.389043
217.657459
167.900887
326.703799
375.833246
317.719474
256.754263
282.160749
208.265778
248.887522
375.355445
184.496445
328.498275
391.493485
395.657848
333.346039
367.978502
386.609809
390.196684
320.583408
258.572885
370.177114
334.427815
389.03987
233.035914
287.264285
327.58566
306.84617
361.633438
401.344712
237.086717
388.135174
151.33758
257.159316
351.339468
189.917332
292.820268
400.286058
364.217758
367.288708
273.963018
352.902496
363.407152
322.973132
340.298134
161.009014
268.440071
317.216454
356.321288
303.244475
283.574476
315.281523
355.007872
390.42733
347.790349
303.741623
333.096432
372.537014
347.762457
158.412338
175.31477
291.521544
359.305575
370.184178
330.571087
203.741897
407.913514
282.49026
188.613989
326.495034
409.187574
366.427101
361.352773
399.439999
230.640569
240.124193
316.219017
318.303091
206.165189
367.008351
365.407955
402.734449
360.426062
269.755125
378.32404
356.354365
328.665713
242.601135
387.950882
340.010532
363.452353
306.932808
352.186922
308.694255
362.064121
311.271292
249.24926
245.97208
320.435001
372.092135
304.47065
313.088625
282.872505
285.452547
400.363127
314.704441
343.2428
349.705929
405.821339
360.065931
119.434288
327.064115
295.562571
356.635929
287.368417
365.601001
326.302559
210.940537
229.59753
290.597833
372.203151
331.493212
306.998591
402.169916
236.88948
186.960268
320.835697
378.416481
388.134026
192.192481
373.922439
316.963637
307.355659
323.526801
283.253801
303.679406
278.06291
267.559297
270.889725
275.550755
229.105424
365.462542
326.309008
184.010849
236.655845
301.099055
238.930337
354.348003
259.864883
393.745955
273.045697
333.354816
327.857856
302.863657
128.760094
264.943992
297.295124
333.029711
210.246731
190.562543
288.970977
383.553232
264.913548
221.55537
307.403135
333.507302
396.194005
363.77985
250.304876
342.772514
213.585661
406.287712
361.043908
350.611836
249.18437
239.566225
300.006942
311.435874
346.593249
306.730775
241.109827
328.010404
381.08842
182.192644
302.91093
391.883037
250.058477
371.65452
249.430909
348.535595
233.542668
337.944628
387.494621
226.646492
302.393825
392.072888
323.796711
399.975679
369.32617
279.812768
333.686785
203.940357
130.439869
401.720155
359.332757
403.745248
350.70196
283.940003
317.284028
336.448194
335.523377
363.46495
366.78198
178.28747
255.922937
404.62028
231.670602
300.742967
192.624419
301.226741
214.304417
309.848661
133.658414
351.415327
360.685511
150.56077
318.593829
364.502211
301.698782
115.377117
323.983232
179.727759
256.368915
321.960418
406.980284
270.900721
400.017384
401.413077
318.968675
360.535773
158.253118
404.640075
194.58002
238.768388
328.789595
269.859304
302.624362
333.919989
284.021151
281.216004
387.146967
406.484354
212.150587
347.839582
337.670043
300.024159
267.219492
248.780234
268.420264
330.992874
225.776736
205.682856
336.84672
322.412963
358.283748
334.893007
393.835024
226.399916
247.656167
260.192837
255.769219
155.354971
364.746843
264.591218
391.190932
350.31546
337.331516
358.037878
394.601254
314.051188
373.037425
316.596834
396.050129
401.552329
362.170096
159.40777
260.224759
214.997473
325.706447
331.139255
300.14965
314.709427
353.513776
233.87836
275.658073
294.063794
354.204989
318.466107
328.147588
346.818635
356.095528
359.073035
202.823881
223.842631
224.070952
293.164891
180.108799
167.962597
344.177208
398.589172
236.312008
298.311941
358.354999
303.590695
347.451564
305.700727
286.835461
222.051394
180.115587
255.802746
289.397563
224.788543
186.349789
370.721977
331.674791
372.432909
322.724589
308.925268
241.779027
376.203318
345.557805
255.93893
216.051418
406.410033
304.498326
297.379416
397.672214
257.579584
286.180795
346.087675
275.924009
377.47868
159.172156
387.464158
305.025114
134.812165
263.676419
267.701579
200.813472
231.593658
347.104415
258.212128
240.575303
261.385264
241.884974
336.01896
368.726456
261.885644
346.663783
318.079554
363.677401
347.6643
395.131189
314.102428
395.603667
313.086136
351.798237
224.868196
369.925859
333.343832
288.577353
351.927938
148.402743
267.370964
360.407619
255.269635
393.389012
270.129795
115.796769
324.776243
293.451664
287.472361
377.454953
292.688397
172.33719
349.679675
400.40069
158.524412
331.989797
175.03125
399.108527
215.899988
150.522631
237.016842
401.12612
386.211756
276.90959
382.016222
357.044677
316.896539
323.362185
333.474679
279.688151
354.429405
157.066144
364.225784
186.682168
300.252739
364.966726
383.579173
243.924365
300.563906
241.496927
393.247239
408.137027
340.600599
325.586141
389.667053
346.021015
264.303084
339.947441
172.695325
286.625221
358.546855
286.015373
390.213516
354.97706
285.233416
333.790637
273.711665
310.147316
394.767303
338.203955
347.232476
387.300973
365.677014
343.837893
278.973242
334.30161
370.244561
287.83719
389.660267
323.257012
298.079406
349.554968
351.955045
287.46
286.151795
311.460287
265.298053
364.145999
253.421506
235.033749
283.734263
375.937739
194.064598
187.369545
302.562778
348.656116
205.498375
238.378665
391.090842
157.146346
373.220158
369.128833
372.400797
380.960909
404.846314
360.821268
308.132106
377.871246
391.147614
291.621143
325.697252
351.887485
285.18597
243.304607
273.105126
399.643389
344.806693
405.489916
261.553354
379.958867
286.303111
233.038689
191.811486
322.572513
352.706471
331.303975
330.182968
232.996933
190.762284
312.346305
405.74337
379.39774
323.952698
270.934307
192.478802
310.440585
254.272759
401.319722
375.570617
146.92928
372.838806
271.982181
284.488493
265.458578
323.572181
249.865238
299.714582
368.472377
204.352421
287.780299
356.981959
250.733429
268.614967
362.35731
333.753168
321.552366
261.159405
352.298041
402.555456
294.442087
387.254988
329.213633
320.557546
265.874005
375.082313
262.443342
283.1168
222.65371
311.104802
169.172272
254.638301
289.6455
405.493172
392.627783
380.299707
288.850346
282.561408
337.349318
344.394861
248.093956
368.964909
364.458781
360.702965
137.779355
393.878309
321.085433
381.78033
350.057996
271.73409
239.960796
268.636497
379.82903
356.492145
348.830851
406.910316
229.949112
361.964551
342.863737
289.670306
275.54502
287.649112
327.801465
277.470318
301.96277
396.749609
386.765158
258.768315
245.265068
326.319792
365.353734
396.424577
385.52849
263.839407
360.815551
311.812056
347.08765
321.652155
370.166474
365.811935
395.758496
359.707636
371.484248
250.225974
270.463227
297.179715
210.385889
299.777692
285.205787
363.485856
403.882349
398.921946
252.757571
396.523359
358.681051
253.114491
300.58645
282.629213
202.224593
313.566952
348.757768
383.850764
298.164756
364.237045
314.715001
398.455652
311.850142
351.778772
259.109956
310.767972
300.017436
324.883198
386.251307
398.901641
253.869301
306.077485
393.804758
340.120029
273.174073
312.832564
372.049098
400.346662
329.199702
328.176967
404.850792
379.442351
322.455157
256.93651
296.485245
304.100358
369.287746
322.838869
280.517738
398.031766
271.08822
258.730119
313.633252
353.065206
373.012019
250.465412
348.722252
318.286458
250.621922
357.103247
392.737957
317.193944
255.938263
400.34581
318.075972
350.741225
380.545698
257.292843
254.539508
191.728391
195.170647
390.250241
398.554845
327.988664
260.394236
224.867076
314.939236
224.183998
408.308497
380.090441
363.44106
390.593895
381.221096
247.806954
255.481497
284.858885
315.297288
367.20236
398.019341
279.046945
366.648268
206.919163
369.267867
403.619704
352.770892
286.373935
257.528243
267.318274
280.51713
376.862658
246.982704
313.685425
277.467064
348.313361
398.477976
255.401297
220.951216
314.392209
278.02246
388.389133
289.933821
308.73392
347.879089
305.28562
247.583593
270.80904
208.05783
309.202835
318.118174
403.086015
392.604939
386.95017
342.551522
275.366404
300.915958
369.500357
350.84478
232.837764
371.314713
284.757155
249.904015
326.719109
331.391969
404.765194
374.279435
137.241592
265.778384
313.606741
282.623873
145.487273
351.89516
245.648727
300.127944
130.780934
333.050391
205.379964
271.507918
356.833635
376.700416
405.263323
374.926384
293.504905
304.431224
306.46141
220.031372
202.745506
211.420693
350.960461
249.343179
371.24297
339.358078
394.402517
250.540059
307.53657
403.077923
395.941744
191.515893
385.55423
263.108036
381.787082
381.800267
330.764419
348.680312
313.940419
405.264321
335.231154
264.734502
210.996453
391.864213
124.824397
370.264328
396.826425
343.101528
352.449659
370.726197
349.011269
357.721432
199.030356
264.917961
191.797861
272.010306
388.129348
346.066769
304.872528
291.238327
385.73411
384.340066
272.761214
397.092036
353.106349
401.502237
393.881884
342.193992
390.858965
380.12569
397.98769
401.375192
252.089193
388.197081
351.741223
196.548656
336.438825
383.1844
287.722283
398.757796
256.616793
384.901183
183.868584
277.731242
285.331351
221.744227
294.04233
250.957643
287.634568
403.536897
303.997949
327.952434
129.254293
371.441084
231.848152
358.59399
351.867344
272.96056
302.581816
223.259136
323.676615
235.870934
332.467012
305.458074
377.818679
381.003017
278.377657
313.106046
315.010306
392.232634
396.515034
367.806783
396.428483
307.783941
199.549755
191.631239
308.94006
363.635832
350.145452
327.473628
240.049986
213.662746
208.312639
371.754851
299.837479
121.586255
295.266665
221.635073
341.424069
281.33211
292.694044
248.468801
363.742281
380.379098
226.714258
364.38982
333.254683
279.453008
282.646473
314.56128
387.420987
387.252858
198.339333
379.908315
372.399342
271.066286
312.408098
236.145087
285.216117
343.443127
364.046028
258.664315
281.572844
153.256019
360.886805
372.912203
378.940993
396.846239
285.314792
310.456088
229.318456
374.260784
364.720468
293.878699
299.538091
174.618636
391.747035
312.505544
305.277959
383.636359
389.640889
332.222238
138.812371
215.158938
352.552397
375.933081
309.110155
383.25853
351.544955
339.811353
377.527385
297.365329
368.047118
311.623362
369.501358
218.998191
403.954295
405.91241
388.567302
400.451845
305.349556
372.622676
359.164007
288.541237
376.726218
110.877173
390.039008
392.569885
195.93937
354.973917
300.959981
335.430454
278.899331
314.765503
272.333858
332.581574
229.893231
355.577557
354.287561
279.797876
331.006047
358.275043
250.188282
304.762442
326.999345
338.444194
386.232154
239.726027
333.079719
266.614325
323.261884
300.777232
352.722989
374.549719
308.51495
403.315296
227.103049
381.269556
351.865402
384.461982
286.67677
345.748938
234.749223
300.995881
329.132491
283.27472
367.677262
294.323577
394.689095
337.869679
384.62828
307.015879
397.385494
377.946465
384.989255
182.916373
397.853228
244.818217
361.670896
303.536812
207.137294
250.932464
398.269055
295.367562
342.230074
315.050149
165.923729
340.418106
357.365431
352.962838
391.085481
348.627435
344.437112
404.239784
360.093531
174.256026
354.223025
388.2324
238.817037
173.100443
334.612933
289.00815
338.630929
332.455669
326.109251
340.114397
397.5672
380.803524
389.135835
319.314125
409.392731
170.393612
368.72515
384.490021
357.701313
336.816041
226.771233
289.114465
359.182197
254.003181
198.520753
185.487696
342.541793
262.810641
398.091274
267.968288
266.573279
406.685395
284.486105
264.992889
314.78057
350.709201
203.001735
378.822516
294.64468
211.587635
278.38956
389.192703
339.162066
324.324564
157.812044
386.560931
176.223564
291.802378
130.623567
245.067217
276.188531
377.761294
343.292931
382.114405
264.442942
216.539784
322.480399
295.738342
400.115566
390.159417
334.75108
354.107348
223.503186
317.742581
195.44021
188.829691
138.153183
240.278109
372.625538
336.077776
281.620873
307.551315
335.702153
227.431584
382.435657
245.589136
263.6975
200.842353
323.292551
306.635757
277.299958
122.652095
158.727015
381.931043
170.559633
333.134285
267.759525
160.392851
387.003515
365.202659
380.837164
322.35587
209.032577
333.443756
307.115856
271.506293
260.763424
388.083257
375.035427
261.375307
391.925149
303.72051
280.116119
316.019121
269.458642
271.249328
113.185732
339.966176
222.976693
386.911271
267.527645
398.686569
268.899317
395.285755
329.252609
387.207802
328.589012
205.66822
291.262789
147.60849
155.582561
279.968932
144.624399
239.547644
207.207376
188.670176
401.397571
367.074338
235.33201
320.829662
403.102156
334.513357
381.57563
176.824671
321.22358
268.702337
258.738109
355.442092
354.953264
241.921899
189.196316
309.539632
240.122061
308.886564
178.99282
261.612678
355.361384
323.987792
329.07373
376.48962
364.186787
287.154921
366.839023
362.593655
304.30185
404.440047
354.372769
318.997321
337.142425
356.43827
239.503245
351.212464
160.92379
131.704121
287.292718
217.542666
345.313391
236.528948
316.88519
386.943565
200.371041
287.693237
378.275025
153.965515
247.824182
373.415456
253.448806
209.124533
250.429045
365.237194
356.903283
387.707002
271.792354
359.408318
336.782571
344.486625
181.362367
330.272334
197.297503
338.049625
145.194166
329.130441
390.012882
334.835829
224.896409
342.660216
393.173694
267.404211
337.978687
297.092868
147.640259
400.395358
383.181923
312.533646
299.19858
280.742642
328.407686
255.876427
321.807167
383.904829
259.625867
377.765313
332.16309
290.804753
359.393
178.712498
342.360163
348.889892
328.86288
258.073244
373.385527
317.076093
379.061336
370.984721
234.873878
305.641666
352.021054
257.218066
216.971185
328.933635
372.013501
301.040762
391.867572
277.963351
283.8575
385.207199
323.915971
327.307648
276.531271
281.592569
273.030833
324.81919
332.9072
314.019192
398.21813
337.139891
359.019293
398.784251
311.249259
390.908935
209.68887
362.837593
355.751609
358.371973
325.507783
280.118568
378.814352
172.806595
208.010868
382.56426
182.252523
202.300222
405.080065
203.240792
287.52687
364.15868
142.857475
319.915916
382.051888
373.194905
258.129972
219.197143
379.511716
151.899821
255.915545
359.453955
288.08137
241.275733
364.111798
310.430546
345.103246
309.367928
358.431335
306.076563
354.900577
225.393761
388.322742
343.23274
233.630542
239.02475
356.896358
318.711871
348.899445
405.619598
170.612358
296.351875
392.771804
352.028243
126.636423
214.611187
252.198743
288.998366
353.728167
382.925651
394.998166
381.163107
196.957839
185.485193
195.672149
285.349472
362.531546
359.513423
399.64397
203.214253
381.352573
302.405469
337.816865
385.838557
234.641022
364.026544
339.713052
288.379922
144.271663
380.38109
208.312168
355.679442
283.688033
291.889295
209.137058
328.767641
335.339623
405.418719
374.939852
234.175913
223.78506
277.698888
190.312827
303.268267
331.677755
280.564943
184.753603
224.783861
393.762597
282.39945
361.298569
205.18934
398.315788
382.969553
367.646794
369.596289
400.037042
182.136036
291.911222
237.875044
311.280498
374.170421
325.509614
372.020393
349.407504
362.56002
308.610768
346.426768
253.288621
343.632181
312.812664
259.835063
357.920672
314.845873
332.996329
293.169116
260.449921
314.988589
299.582728
384.769839
391.023835
324.641819
291.40304
366.37951
352.664242
329.1753
225.252727
370.911966
377.300034
280.655127
184.633262
161.182927
310.131675
365.321848
310.625274
315.124806
398.98005
238.158148
201.607652
269.938948
399.374502
193.323769
283.792782
392.920894
260.429212
390.174507
385.400989
333.475084
287.810122
372.479073
404.422286
271.999379
290.45875
180.320408
358.436217
241.020361
350.607801
176.49211
231.26895
257.188747
310.160641
310.822396
223.78794
237.86397
199.135407
185.938876
357.668275
345.055522
322.262841
220.561344
366.871874
196.498194
192.447776
377.349526
198.24672
363.110637
355.631102
315.637035
191.056011
244.696561
404.957581
271.228107
310.232616
376.91007
217.336393
314.599944
201.201935
329.678509
310.520677
385.64339
386.338422
256.098537
128.643413
331.667265
399.837767
328.066804
218.048197
260.129714
295.623365
257.907855
148.254858
322.169627
248.2219
275.562152
209.829435
301.978569
382.753998
273.074622
372.88319
370.213089
252.583787
404.262156
388.233638
273.568916
289.544788
295.797816
219.480031
329.407978
302.867986
258.600611
229.349161
369.382475
371.683103
255.007048
277.658901
365.733493
336.14504
246.247583
266.457728
347.701204
405.740125
204.888418
267.383038
139.333369
328.260532
326.362174
326.931144
379.12613
346.328671
380.392167
293.219928
231.324042
273.516669
361.855222
182.276175
225.804594
197.635914
299.932942
384.61878
388.325288
401.120406
236.546468
383.302078
217.9703
337.721003
194.404956
385.409636
221.078814
300.7413
281.023936
323.457711
271.975274
299.786696
384.512939
362.011451
393.948386
278.475271
343.866943
312.103026
333.537132
402.962435
328.445813
390.153153
294.216579
169.558492
329.442612
310.306249
327.08674
380.82923
399.759409
272.078685
351.043596
400.183652
253.872976
379.271433
333.78648
148.238544
284.027797
403.281426
321.87867
375.961582
288.203029
380.489769
305.811427
393.122417
340.969023
159.332943
388.424943
314.62394
217.262588
188.971668
300.560327
187.445927
345.632564
199.775849
329.575846
389.654196
278.807004
299.371712
353.497485
344.4351
260.780677
236.280658
244.433792
308.014579
206.022044
371.373706
210.638806
388.808722
296.045351
405.085327
288.989075
291.509705
389.852877
198.10758
176.238909
385.278751
334.495902
375.923095
308.054335
195.163115
312.839875
311.909275
200.240745
203.030065
243.173337
208.919127
262.784982
262.404757
323.381919
223.752069
190.468553
371.947561
211.797595
387.951368
350.101118
270.076674
304.730883
292.029195
152.888363
232.85321
150.769839
370.989095
388.716942
391.738049
196.008296
292.788447
143.635272
322.364026
272.006413
105.316233
316.063529
201.128731
377.638801
293.448703
212.909549
261.912271
406.661505
372.432195
334.764761
330.654866
315.343244
371.172935
184.52673
307.322566
381.385553
358.398154
339.360604
363.096466
236.792656
380.825126
380.840267
289.386364
331.247797
328.781863
154.187191
329.698506
360.838102
171.410656
293.66208
340.607595
279.389592
338.342572
319.584645
371.408194
408.377107
229.454214
264.001122
356.000219
196.806982
291.521695
136.997748
379.416844
142.689696
217.237191
283.426063
251.613723
301.087142
239.750191
246.039143
275.722698
381.079898
363.26392
401.847514
255.69792
277.915362
353.32288
202.714777
332.895793
389.262031
253.979107
287.837331
397.11638
335.417332
180.53055
270.984965
297.253098
364.898096
349.318338
158.692862
366.156604
334.056484
366.080735
193.882437
370.565271
296.340728
350.236682
183.274816
294.257245
360.241639
328.086649
162.657001
195.455763
202.060904
349.895843
322.557253
374.953971
332.435633
214.403766
336.888893
293.940706
315.773716
340.573367
302.478898
173.613416
202.291958
333.804469
176.969743
180.418908
320.590458
292.91977
379.305443
315.665996
266.996646
390.087497
341.553719
394.58409
351.019852
351.916062
311.860809
335.113011
248.059363
351.350253
292.242457
326.686956
233.35962
259.226376
351.161464
399.332943
391.357897
138.88445
367.782769
314.619101
349.0719
334.925904
360.340718
402.981043
377.341939
288.355031
165.145986
333.747467
330.081888
295.813141
200.966298
275.969288
354.57375
386.741199
186.405263
404.207405
319.88457
378.73431
351.132973
262.936064
374.728417
207.326597
184.246812
317.686412
367.531442
328.234292
330.815876
255.83983
210.419486
391.591955
285.515705
338.33689
375.276688
275.934938
362.372754
285.143207
287.894151
390.698516
269.412329
321.684327
229.779781
366.942173
290.908961
280.434468
398.676131
321.532887
223.769556
285.403037
371.367933
370.810904
313.490177
336.530661
244.679435
227.753697
163.388447
290.369602
308.020732
273.971214
399.160247
381.317118
252.380269
371.930486
250.766734
370.48493
373.518461
327.636474
309.420114
230.906448
370.296322
288.535293
401.359727
305.52282
247.568946
289.412541
304.030443
386.989923
390.221321
329.035844
318.595209
173.927763
389.750724
284.610388
320.838463
231.938236
325.81926
356.405274
236.560215
238.123198
222.631948
332.29488
386.274473
127.425462
91.862028
269.430027
364.105772
406.072974
245.656146
247.372598
243.374796
291.102427
239.181583
260.21772
354.99622
296.734345
381.126613
242.441556
378.035669
320.363586
207.136292
301.092604
206.713484
313.800473
239.909205
362.476844
382.887235
315.745596
154.704344
162.922434
347.185997
338.801001
320.908449
283.36676
317.246824
268.067468
197.138401
370.777891
348.757849
318.089501
288.558592
310.498563
299.413077
366.51918
286.128889
168.339891
308.580421
262.749547
402.802764
392.480824
285.206887
405.76219
314.080572
335.847439
271.735375
275.448084
273.817792
319.357554
201.867288
407.936558
376.142575
209.028314
295.780866
274.448341
341.338895
365.219404
306.079187
334.247895
345.772173
230.568801
395.530432
307.284316
393.181153
399.68942
267.289123
276.106345
365.191323
330.257239
360.289728
295.042646
240.496344
330.664355
328.580075
389.376889
401.95425
246.821358
296.03866
343.472202
292.340727
290.40472
305.581007
404.539397
321.661853
242.138252
256.530083
268.549106
274.307641
275.753773
248.686649
322.171336
272.951686
192.782519
391.013004
209.645926
359.078165
275.01915
388.959885
365.717244
395.219354
246.859791
281.080164
351.493328
372.419457
297.985167
167.048044
380.64124
317.693812
347.69989
334.106202
289.743631
172.534035
308.992939
384.043861
189.343379
308.032026
307.342969
274.269731
371.444383
382.609136
406.375076
398.815601
151.427437
407.276372
180.134318
215.813057
171.802276
400.71858
358.423157
359.919953
268.216809
291.348407
381.583944
357.952984
262.32324
267.364798
357.955086
405.785416
333.31428
392.825835
344.792879
352.740525
367.401363
377.293311
202.48328
259.308084
388.040238
174.185547
356.674142
262.489412
314.203753
399.635453
279.101731
303.912566
405.923431
344.524094
399.372073
154.944201
348.617386
407.032333
291.419832
317.814126
186.940727
328.235082
212.102634
377.347341
209.099877
236.816951
273.005227
366.488349
367.228928
282.059283
332.281358
289.731596
235.31714
237.156121
396.967743
388.002281
356.907806
362.048188
379.485803
194.134026
244.148705
289.67434
302.280189
314.212839
120.014049
285.339879
192.476941
353.143259
294.782724
314.59861
335.879576
349.804596
392.50497
246.944586
233.306803
298.174077
200.971227
384.867245
397.341902
338.28634
317.522627
346.932582
319.181027
250.096722
311.429057
330.4393
261.788606
276.158536
338.166408
367.237217
281.555589
196.925328
334.484616
347.91014
342.819695
238.736938
310.332151
311.508867
231.292542
409.448074
297.58297
280.189099
289.315297
313.84235
315.773987
291.467016
305.333521
372.819092
342.631123
313.786413
295.942143
285.419997
375.076206
213.766361
335.50774
408.626949
345.417998
194.777548
318.769434
370.589346
187.886341
354.39221
285.366866
122.846907
378.06725
397.342763
203.162975
336.085721
175.095828
398.203925
97.084903
314.242815
299.335385
227.489938
240.600279
281.277364
330.075418
377.504754
147.121369
404.442912
326.756735
356.875661
267.020459
201.024449
307.708199
307.96092
347.511198
210.334089
383.411923
335.504049
377.793237
303.576586
403.277939
225.02163
278.853897
267.903621
220.477904
405.094992
336.742329
344.44566
380.950794
270.702519
371.315729
344.511949
203.212102
345.598669
317.698922
368.819558
394.253456
271.727728
372.322884
389.917576
244.02897
225.551382
113.076216
378.617891
276.992814
255.464577
397.580314
249.873123
278.886574
153.082514
391.216484
402.247173
289.480127
243.270362
404.727805
332.141563
162.77323
144.557547
142.553243
321.378086
296.041172
325.656171
264.972111
227.648989
275.156611
306.533518
340.004736
364.181576
200.214715
292.698453
284.834991
289.498017
372.406086
381.862353
274.372111
297.658434
381.463173
315.920463
315.515026
382.982856
381.11863
273.637409
338.787903
345.66419
209.249857
161.021302
257.288285
258.594173
317.876377
313.987955
386.879375
408.377308
316.229134
288.518488
281.67414
287.009016
341.830471
354.295582
250.581496
265.313483
173.07273
337.870419
384.382815
324.396358
243.480967
329.22255
375.272036
312.341689
332.544514
373.352962
125.833877
277.10731
191.954354
342.411803
401.906323
271.937221
279.93432
336.492594
311.441176
261.415716
313.53405
293.343819
332.373723
353.850356
334.459992
297.674998
282.095184
291.243754
324.025294
238.708191
291.65581
319.694824
342.006122
338.785946
367.508105
305.209393
396.298303
323.449106
290.031527
402.146399
243.720511
362.542808
276.696169
383.478219
337.575321
332.995129
289.813908
257.293093
359.223967
357.774507
331.383081
311.653165
365.721385
268.888783
122.392405
306.783643
305.648274
244.123055
181.766047
330.95046
392.552984
381.919232
265.453696
366.188989
344.248119
348.008537
353.871939
283.319946
258.013742
322.916442
189.60731
296.788366
391.660128
338.672095
408.554241
317.760188
235.192675
332.887194
357.555483
275.992506
381.562274
398.6121
259.595396
251.726112
318.349313
258.912883
354.066373
213.930098
348.846009
283.875989
269.164872
348.842701
396.759499
402.706412
366.211634
242.555035
356.546414
376.880692
285.619956
354.409931
160.912835
245.288225
137.450046
381.026813
407.880287
379.065593
267.82624
323.832765
306.523201
375.030219
312.631579
299.715412
220.654708
372.958611
344.183974
360.499605
400.157172
356.145295
355.696785
233.57257
292.300013
309.073297
171.462363
357.901943
394.246982
382.093469
338.226656
279.228913
330.438145
392.916881
248.122043
184.340931
299.77847
217.854614
147.304569
372.312723
320.729368
139.469657
274.118641
365.007613
319.275952
336.72575
168.691327
317.18089
305.111886
113.581327
265.167474
370.977307
152.593376
316.73643
240.962466
387.871721
271.340968
196.743491
228.464668
380.331802
125.869868
347.826304
365.630978
282.811092
386.589927
270.497779
181.174606
356.421784
359.114559
293.874744
321.738136
356.333707
351.331674
390.954175
386.725549
192.452098
284.348938
394.684134
194.201937
400.69087
185.38947
377.897287
342.171317
393.246904
193.879999
396.009304
307.364697
381.529177
278.2035
279.698767
266.422634
278.029511
371.865868
208.687024
301.043868
401.57834
250.164718
311.659624
299.64313
265.006896
315.793621
361.824779
347.789761
193.750519
246.38986
401.672798
250.961656
299.584003
204.55645
203.552248
393.748072
258.594272
322.316951
406.942981
238.954708
395.515657
272.091541
292.300533
377.297238
309.949457
238.441805
391.062288
231.463465
361.062917
270.063167
238.346789
285.876055
251.550547
283.197362
160.557903
281.859409
214.216614
339.876225
145.466139
292.96141
334.534029
325.810569
375.926338
179.685518
340.45894
256.788453
308.09966
367.603738
340.488179
156.589277
304.249377
395.967009
375.143902
299.070085
302.458183
295.726673
383.608058
324.571174
366.965451
237.833973
268.342845
373.182374
242.72837
175.801563
333.961646
276.451587
371.967425
213.319291
376.826135
197.459799
319.381548
316.350709
312.967467
343.957245
258.488
288.563992
359.969092
296.604592
264.843588
351.698128
394.89855
192.968045
338.215265
315.980071
371.768626
193.554398
238.59536
324.135828
347.040295
392.523704
352.25633
345.218623
353.534092
221.07601
338.339899
205.120359
304.982003
342.277904
246.827066
220.771355
219.530728
337.432997
364.088948
384.296033
317.392936
282.07862
301.290666
366.953984
344.312725
221.004567
300.543152
261.866258
218.139999
278.177298
255.309895
365.149161
391.86424
290.071575
264.503849
350.191236
364.53121
220.644916
365.094058
171.888912
304.171895
298.835267
347.389838
322.513441
223.47114
292.842394
264.794293
287.545715
380.933287
387.871045
388.885805
177.182389
179.115965
274.045338
391.88545
396.219572
397.26422
326.796423
218.053984
284.128794
248.200738
389.239084
376.722534
360.185077
206.816647
114.328173
263.951861
352.966388
376.26659
392.130503
365.704439
260.961162
377.647561
273.021196
310.84839
276.295831
379.699316
357.388946
187.605035
365.527054
241.921581
344.21858
239.467512
385.341467
334.275766
190.907931
362.077532
331.719095
244.808324
215.344711
351.072617
372.898274
332.070133
390.391762
310.86299
241.334701
276.293569
348.305932
362.978097
381.555509
385.323591
307.655134
300.749351
393.214911
279.950895
300.49249
247.252896
273.135756
367.483521
402.18124
183.803063
297.431192
218.891897
390.529944
361.678545
244.089342
172.79491
354.885504
335.677215
240.578188
268.548484
185.955557
332.600936
330.891954
297.76721
394.126404
309.996643
292.319718
226.832772
366.713968
305.026802
278.71118
188.158704
234.572238
169.405507
305.386261
345.318861
206.472572
365.18707
125.067542
377.927159
364.110073
349.168925
406.593947
329.697197
311.797044
267.584272
328.9458
352.569056
392.187181
257.606648
216.851259
242.106413
301.07143
324.66176
392.877369
254.450334
363.081323
147.840314
231.345884
314.243176
406.647655
284.025706
397.780979
265.251252
393.214721
346.101901
338.72736
317.574233
274.687522
341.207479
212.369774
363.524684
347.082702
300.993223
298.165819
389.437634
326.241706
265.614001
354.330685
363.217713
399.236308
219.737809
194.368481
382.378505
327.478026
280.910136
366.250505
314.390456
342.581007
273.463845
356.881684
296.706788
147.678883
200.321079
383.095195
347.99018
379.091106
326.455748
258.505018
285.032576
274.517827
233.630472
383.933954
389.339047
406.211856
359.803455
379.306738
329.866659
395.986844
338.489676
292.834214
403.477607
319.285209
164.521106
298.672894
296.090305
303.829972
338.318878
368.182352
373.922537
285.38073
204.991363
296.556981
400.694593
145.760086
353.98569
281.842648
304.94403
371.624436
393.779083
307.98383
311.466042
320.695792
202.802573
328.395052
383.761023
292.874781
271.78954
207.858482
379.750961
194.330942
305.214177
382.835283
353.993744
223.401552
204.567019
323.788478
123.491163
271.862932
254.556689
297.91355
356.730352
274.002673
262.922277
356.379321
372.719861
356.343474
325.983215
396.596057
123.482475
389.860474
325.04809
299.28535
408.892002
359.424437
305.722048
283.455774
362.079771
288.385626
373.466536
349.840522
216.441727
296.665985
376.622705
308.308237
373.72542
246.471128
377.952683
351.274419
376.602896
359.945742
261.723973
250.476467
188.442329
140.532012
341.468823
331.807148
299.269622
398.723705
282.336463
360.459877
364.821264
264.110132
379.26288
275.80321
189.192145
376.585112
305.836432
404.040035
270.419282
184.554814
333.41034
261.852346
349.941494
336.914785
406.866673
267.797094
288.000715
255.524517
317.800987
313.537991
248.567912
393.761429
208.256852
356.594415
275.203357
245.990537
328.842792
388.276842
340.984281
216.393831
350.832902
317.14176
398.104542
260.602306
269.343827
254.075852
300.448932
362.588463
296.625568
339.130276
358.553724
283.317911
272.490024
398.063269
383.509807
322.583203
351.570212
401.028308
292.513529
189.937774
338.626043
407.699685
337.045206
183.44543
374.996825
203.500298
174.559991
346.88233
308.642957
219.265024
316.255634
395.66393
299.049972
167.214107
376.125075
240.789559
401.952992
354.504891
396.675204
235.5127
382.522279
267.821661
121.046099
243.482289
352.072918
313.806521
227.931184
365.385301
373.033505
330.029574
207.295301
354.393249
260.797594
303.519221
400.222988
350.222143
328.422021
305.147941
148.896071
278.038453
388.783725
377.979604
212.066517
342.514071
210.244809
238.799986
297.788404
291.373402
209.83344
212.376085
215.309879
342.630071
309.233836
210.333778
309.175981
268.269079
364.835888
303.116158
285.154279
371.108239
345.601827
148.787813
212.236026
370.96883
306.775484
369.17873
373.859222
347.709978
361.106092
163.803931
245.518964
252.124547
335.401174
209.547276
378.443325
180.668694
313.814848
329.230144
356.010395
274.64303
371.64388
285.676421
346.594036
334.443976
261.478389
382.686801
388.836466
190.053221
361.264361
372.31422
311.073603
325.920901
307.776962
264.779308
336.939441
299.175291
394.649735
277.140736
174.955639
286.616805
238.769661
370.39716
233.573484
325.390383
388.239141
365.629403
311.961736
348.520218
400.042861
308.78088
400.924098
375.43985
245.544469
256.248306
192.379537
257.431013
237.188866
334.752073
227.463393
403.547372
373.508002
398.77659
319.317232
375.06519
238.513741
312.220635
335.560581
122.296201
169.796298
231.132641
270.814101
314.764827
378.010874
362.025503
351.311847
208.597536
314.370836
369.186305
295.867424
254.060746
362.461478
155.852501
386.563753
292.060514
141.489499
388.27386
300.697206
339.716844
345.824404
363.049604
366.790451
186.686449
297.392902
383.985226
245.847365
370.422399
205.882519
319.88861
362.996996
285.459412
317.713654
375.79023
339.497954
238.872482
306.27327
317.327762
191.824206
291.298633
241.20269
368.562298
219.865363
354.731029
325.965372
364.682471
342.888711
372.322987
273.322324
257.821097
402.616231
344.575742
380.094488
248.554851
246.743176
274.561492
387.346041
202.045217
400.9348
144.057083
371.115148
405.68662
262.032904
254.954057
372.62249
360.829813
394.948841
253.845783
400.269392
245.450877
291.099487
259.685951
254.769598
372.303518
237.855465
302.821443
397.812359
331.492606
383.874353
310.196815
262.463329
270.313631
345.067025
137.253742
262.383444
400.434508
342.035604
300.07875
341.229597
389.023471
327.96716
398.099206
392.49972
302.41082
176.848615
305.470075
338.630436
161.767206
300.789979
209.640628
370.133353
297.183614
382.643628
163.512796
252.427989
396.32052
319.389792
325.56652
354.247209
346.029844
365.139735
239.308357
280.434999
340.115521
270.381907
400.048671
372.786232
298.471053
116.579998
224.785454
381.141856
341.211456
315.325448
185.381806
335.66999
316.079796
224.065552
262.146115
325.397145
376.266816
364.599024
366.341258
275.100027
397.598303
373.209764
312.956791
203.172082
371.353719
120.868656
340.946984
272.128781
401.755475
222.30735
333.723362
317.846929
390.415622
391.849439
164.674988
381.633389
370.34378
403.611064
289.160413
355.356198
330.315712
246.834511
350.125331
348.428733
368.0826
209.436933
239.366847
318.196768
386.457164
217.931164
296.839609
327.832945
324.932648
259.017269
314.007152
199.691723
263.464619
379.518823
375.371535
330.166679
402.994086
381.541376
254.272075
346.780252
105.342501
371.097542
333.977405
222.056551
399.727574
389.033022
213.331182
394.577494
388.206058
311.731187
307.376796
401.506341
360.661537
205.620713
388.242346
306.74365
123.868449
333.598553
279.731843
217.158813
400.717231
375.283637
365.298679
391.312126
218.008187
349.577662
280.302733
330.731251
372.340405
290.583391
391.663435
382.359197
236.21703
307.515402
270.785547
275.678445
357.215863
336.085407
285.906282
301.371407
327.133033
106.312247
342.425066
336.500681
372.021332
371.886502
361.958143
337.706609
375.759487
367.303021
304.845155
234.478501
316.007396
308.949479
268.352144
247.414876
404.628904
317.222679
314.856155
342.453918
352.461438
264.740594
282.510664
160.590619
316.746863
371.829624
312.992374
357.374177
332.246896
406.484469
222.292312
223.666166
310.683464
328.188213
173.444061
401.451729
198.449559
206.781726
319.302452
393.4487
228.510197
321.638293
374.266899
394.718387
395.0887
315.527509
362.26012
368.207909
399.043593
392.367125
398.598028
292.460242
197.071326
294.029672
298.869602
206.08781
297.059765
339.781568
364.654137
226.97981
333.934034
206.316829
393.868616
305.837307
350.219331
347.385375
374.518622
231.969079
383.445482
374.895218
320.904487
332.453003
371.741199
293.89227
239.813401
331.668919
160.61584
376.255249
349.569848
244.030807
309.421172
313.484678
200.908953
134.335906
314.143998
222.935585
239.167948
354.72248
386.05178
186.766784
345.130738
326.020966
252.08099
187.978275
337.409343
363.299664
101.455595
308.819123
235.323506
81.895162
222.123076
350.585526
279.683356
388.134218
351.541167
185.299985
375.857873
401.26646
214.480667
352.429376
230.107115
285.113467
269.282567
362.689324
208.247862
98.650648
261.290346
311.552115
389.124887
362.985568
174.936024
344.576253
357.809986
313.158803
379.269859
327.630318
366.434767
351.215533
353.852386
341.878312
281.850375
357.961404
260.688
310.787583
386.080733
369.291312
298.545313
340.787016
333.804539
283.896351
213.883025
387.186419
252.728523
247.995152
341.463618
308.464889
354.623077
346.784238
398.788079
353.09951
405.643093
325.91496
297.696802
261.022974
243.271073
405.760979
152.111678
369.614634
328.053762
227.376479
316.178346
297.712099
364.763951
160.87892
290.409987
333.92818
366.778793
359.179483
380.317119
293.602361
254.021457
392.519272
300.837173
280.81507
392.848597
283.938837
355.624657
397.676161
313.555575
254.880815
257.043638
318.334623
241.272775
354.916054
201.862038
280.502489
309.88829
323.557425
393.342504
225.994297
400.898803
311.269476
202.810717
346.467766
330.732586
218.206979
368.778588
355.980414
158.726496
391.648581
256.798018
228.327073
265.96007
330.341124
408.411778
209.484209
297.18049
299.38037
220.635904
405.798315
233.232689
272.260863
227.632945
310.832487
301.069493
127.942789
168.049949
330.854089
398.10533
352.921032
316.353456
305.788589
385.818888
342.969945
406.528337
280.89006
366.066621
303.588736
393.908105
333.817778
376.30157
274.313191
318.257963
353.095301
268.528968
358.247701
267.761957
250.573151
211.194866
289.251972
305.291655
256.685401
293.775074
232.315476
374.827381
320.483046
334.147594
402.567026
389.918476
304.19597
187.889114
199.410008
395.962123
300.394587
407.1139
401.066155
343.056813
179.853154
247.458389
405.079361
355.948287
181.380416
334.984064
335.234808
307.17329
259.175353
398.686918
178.456719
388.000422
174.760948
364.90189
265.629767
317.250396
154.678826
329.253989
353.087284
293.149563
357.845564
334.645904
207.232779
233.190884
280.390513
306.368857
346.904102
352.814971
209.845651
392.534996
392.352838
279.002666
249.287832
369.983673
296.59679
252.408735
307.300204
296.736349
386.839543
240.024574
382.189027
351.609376
303.30749
303.926118
260.865649
368.513349
327.605296
193.691391
402.21565
273.854607
365.999541
342.324384
285.96806
272.045729
345.60134
322.918209
300.28434
251.382203
287.234858
345.351264
354.520992
389.461992
273.03192
282.925176
341.984689
344.03099
299.512226
391.242697
408.428845
314.132852
288.66016
262.80221
288.605337
318.997597
354.035986
333.883229
387.997636
378.941347
348.448256
308.614103
187.006997
379.01103
401.696599
266.763343
370.350935
281.784966
403.506159
272.974264
366.229788
277.252498
303.335582
306.805051
304.805612
261.174482
332.254835
164.432016
393.753536
285.897775
403.49868
362.330415
277.483369
390.128455
358.034262
384.585242
392.329612
330.330171
303.951118
283.595815
309.332867
262.96842
367.730391
407.687153
331.206478
246.927878
245.465768
281.914781
192.525317
376.571384
406.563869
246.047862
322.27182
383.679532
272.76971
227.854776
327.366074
363.245021
249.424807
308.323822
246.736642
189.082453
377.01525
364.792284
394.920605
343.781507
303.535089
324.795947
239.220231
321.231946
257.924652
336.455852
102.599408
329.433495
354.598969
249.449628
312.306752
344.676676
358.480772
155.91526
343.591924
322.968492
336.737345
375.086683
341.371848
350.347606
222.725374
172.482443
408.382499
158.953298
313.154841
407.930215
356.452966
377.644841
366.156944
286.476587
394.266026
336.999452
333.823226
378.227945
259.862059
315.400959
347.485742
281.417525
335.433327
390.513134
234.226991
270.601712
250.619092
163.646221
383.982485
352.924029
389.417175
254.82575
365.66482
327.624995
388.239999
404.507788
323.955595
217.385198
313.536776
158.110834
376.564943
344.16849
144.926379
315.736345
337.509361
385.483703
185.845234
342.379212
341.9405
324.147407
397.722031
294.1658
281.31866
363.367037
375.932516
132.173468
238.4896
330.394556
258.108137
147.669171
162.400103
319.474624
376.838272
274.669122
260.671618
186.440479
236.738211
174.894847
379.956811
335.352749
351.301177
329.522949
271.442612
173.160878
356.151248
259.49749
376.06998
337.988896
331.414555
344.229765
364.231169
338.847286
369.396685
255.660351
388.706379
400.014078
203.170619
267.573424
322.062413
360.78166
163.361134
285.410345
328.24542
287.146734
326.997446
298.47653
374.418921
295.166259
176.727064
345.666072
293.811694
397.654735
215.299057
276.049882
308.529444
321.227761
371.69422
246.976607
391.315991
259.870204
334.402559
387.357002
340.984398
306.368094
392.666188
390.102103
366.621482
385.007037
368.805806
355.719544
333.601215
201.404938
375.809949
202.76598
277.748496
286.74378
236.168423
308.674848
301.040414
123.161808
366.639894
305.051145
303.419234
290.372109
274.40972
303.780937
327.51962
211.909241
343.403581
281.677277
292.138052
391.552354
327.241562
331.653329
388.811323
302.517145
350.075296
231.999777
181.24726
400.506713
130.441955
352.210373
349.859651
332.077119
288.705355
220.940515
278.245047
352.417018
208.624522
282.456603
330.561627
337.686615
323.125244
304.628993
405.931725
324.631179
168.054976
253.674275
314.502201
223.595735
238.726392
351.890315
189.695185
288.641083
397.19691
229.948399
203.441197
403.341927
278.160549
246.513939
151.944853
335.871077
199.008416
306.740707
351.320537
291.595636
397.220856
292.611755
371.130186
322.790309
401.21839
264.707345
341.80452
207.757677
224.198399
399.552045
407.236476
289.749403
308.168585
296.655141
284.096731
184.077088
150.534304
305.990771
405.358917
151.963845
330.013941
320.332245
295.857438
300.282656
265.686167
387.085666
272.130947
368.958724
405.117664
394.302005
232.000486
345.243837
250.846331
253.829767
225.445769
208.107567
150.402855
363.438306
403.340968
304.869887
378.425119
323.418875
330.01625
365.405497
340.819287
355.981402
215.982418
340.584145
372.487823
237.017497
194.049596
256.025167
351.929063
334.436821
264.815902
280.827107
382.345867
267.064248
344.642916
374.001676
359.007106
349.551709
305.408291
401.777768
255.531648
202.312257
228.888908
375.151908
335.701585
262.695315
251.459627
285.993175
383.07418
314.190312
277.007325
311.123206
286.253785
347.841507
242.927624
254.268174
354.883609
251.617333
328.243546
376.970995
309.671006
159.957893
193.733633
297.385369
385.752504
368.442585
371.478738
396.9695
235.419765
349.475032
232.77476
401.34726
404.76572
388.104453
383.024548
398.881048
379.849844
374.839753
313.929507
390.27286
264.537857
261.047447
281.63614
281.380245
305.656892
379.815136
265.515852
379.390273
406.423495
292.896699
311.171303
313.411747
311.061352
348.896273
288.272272
390.061832
268.937208
330.052747
300.316427
340.619462
356.490694
386.268218
129.266511
331.908885
189.218874
177.239993
338.793327
224.845294
255.629332
236.914645
325.151707
377.02913
345.41349
367.848926
336.177155
283.345391
296.425075
374.845101
346.246588
392.627701
346.215834
397.555236
277.970862
333.840822
363.848655
302.639782
234.2457
388.654632
295.122072
190.990471
292.870394
385.221441
135.220506
391.699238
282.017141
305.322632
368.213258
357.392854
355.549146
369.950773
357.666185
183.982537
381.322446
308.310412
376.908902
279.139285
365.366691
218.271915
242.749497
276.549918
211.063067
152.449769
308.874695
300.218997
373.418203
208.7703
347.574174
320.187464
398.404013
322.788009
305.571045
232.19923
388.675533
287.207474
284.614802
352.181388
154.346164
303.646733
229.01951
218.51366
332.763898
253.19658
207.621343
402.711499
247.804961
288.377106
358.934966
293.740223
329.565029
391.514201
246.553892
221.533084
205.240497
320.153535
378.630375
377.263818
227.923271
228.847465
322.039211
364.712548
225.068644
320.820973
359.107711
293.443722
383.500911
341.236546
314.066071
210.191298
365.71204
313.238932
270.525865
307.866459
125.751943
258.252562
258.006054
336.187343
197.704487
297.725161
352.988527
364.690862
322.680686
323.902574
130.400773
283.858589
383.317932
345.424921
245.35371
315.597796
221.905258
240.83955
377.265233
325.274682
401.310522
333.046973
158.756274
398.138421
240.537674
287.744918
277.981927
210.772238
211.334458
322.210975
328.35111
400.82125
395.386505
331.456778
290.189447
384.619268
254.545928
405.962608
405.340263
191.01823
253.192682
348.459455
300.594046
185.428436
385.018489
401.358578
376.458677
331.06777
130.535381
328.261276
313.6417
246.01069
231.011652
191.262844
223.690076
345.056813
313.093837
318.187655
277.874639
278.530991
348.70841
374.995437
346.34139
242.850635
340.635346
345.65047
347.84871
386.394841
312.565059
375.896008
324.807473
287.044217
302.118004
283.940676
341.783194
237.562438
359.246529
284.675958
248.163668
213.934987
368.797775
404.094011
211.878033
390.284595
349.12147
312.926729
127.061937
224.584912
372.224079
138.675995
304.075307
397.129066
281.39153
289.705176
406.754449
369.547689
370.638258
396.388726
227.497479
375.844868
199.894308
299.029282
186.509607
272.87858
291.517043
175.944368
257.282196
345.162671
172.476919
226.357906
260.041777
392.857541
361.840628
302.277703
232.470861
325.659292
331.469139
265.747508
310.764843
210.549509
368.904674
391.168939
385.626843
245.205927
379.383331
387.138056
296.212492
369.21692
215.823763
362.663581
347.577741
259.32845
262.64328
354.200799
361.336997
255.304239
235.461452
249.961618
347.493798
406.708942
274.882356
383.656738
331.909328
392.267643
294.645911
360.458423
360.878859
343.201582
212.690945
207.217441
218.420202
388.95831
340.946435
268.865938
387.024135
283.694452
386.004266
375.032251
329.895554
366.160534
236.581672
293.927415
175.863324
156.209434
191.318596
344.650822
322.872154
385.241711
264.062221
375.218826
358.963979
404.858011
356.468988
297.832464
141.26682
401.913465
371.066441
400.747149
402.034704
376.251374
406.867402
300.572109
403.925252
386.368346
208.737793
246.545409
292.511454
305.53614
248.68956
352.303258
395.854176
304.301307
374.027696
273.529399
404.130224
334.680991
371.541639
335.618864
275.485226
358.264308
217.32558
355.057889
342.224129
342.511591
391.840245
343.480001
213.024827
272.357013
269.937405
306.520014
269.506978
386.049602
359.84133
259.377319
360.804531
357.861534
219.071095
286.024691
318.293532
402.244163
382.488479
331.843747
230.700804
260.277113
288.07147
229.887968
368.724743
315.479839
326.094323
355.889585
331.99451
234.558198
280.66032
328.117369
291.238174
312.128926
223.345988
365.519406
392.431351
299.25619
316.051195
291.696711
337.603452
299.298776
383.18038
403.298827
298.945153
372.342512
288.232002
374.538799
144.77223
132.58126
311.275122
206.793594
375.525996
368.142917
207.857394
368.951738
343.537088
378.165665
391.866616
277.003501
335.886336
363.573691
338.068354
361.672291
148.294671
325.828693
384.912203
349.447977
338.007009
312.270385
365.190707
368.050514
311.491848
381.88807
380.28167
184.470554
277.620237
314.550428
297.805369
294.305764
394.893693
356.65642
344.827991
380.300768
375.280064
367.821499
396.167047
237.861791
119.723266
321.582428
344.481858
360.012435
225.075322
311.485035
380.715384
362.807373
205.872516
345.87447
198.874085
380.990372
180.301568
242.431569
401.384364
135.576633
291.443592
392.811719
350.884915
294.614083
151.782121
237.376366
222.24062
353.632571
290.301083
216.565304
396.741216
273.846199
180.383517
258.229085
308.919573
297.029996
361.449199
243.390318
307.754792
265.910834
352.783054
323.862354
373.555963
194.48546
185.946252
378.755326
303.226324
190.841288
299.604455
279.238788
399.462996
182.649284
338.788608
229.978706
345.152074
306.322804
368.014943
328.344106
343.285032
301.136894
299.901791
378.049388
129.802109
406.291362
351.177737
353.259763
312.236179
408.258449
194.579847
406.731718
278.17226
320.329726
397.216426
398.751777
309.09365
250.027455
390.077362
283.918934
394.836337
220.889096
406.487535
324.834342
268.527249
240.836643
265.549896
308.515498
248.21541
305.236259
337.828394
216.728103
371.589955
293.175059
343.825522
253.962631
313.157195
228.353627
162.557947
261.259213
243.920586
390.25562
358.14371
272.265345
387.285919
181.577485
253.153383
301.375496
238.963287
319.621325
224.397409
301.204041
189.122901
361.485664
303.516627
350.023788
374.057007
405.346216
267.896666
223.584477
375.811995
323.938908
381.900922
314.537797
191.211001
338.597402
256.493484
310.383664
293.738971
262.041632
401.231406
249.680384
176.05771
209.173804
281.553995
242.073848
386.396592
242.985732
325.319236
386.614479
393.472266
295.528027
334.485892
298.915689
290.768878
187.375885
178.249078
316.612784
271.201486
346.769366
368.605984
259.939523
377.295097
234.80007
404.934049
319.895382
247.296895
392.847203
402.329393
166.008014
240.039977
339.847234
306.629282
401.29853
170.043094
348.833148
187.267216
347.474977
377.831386
324.814814
319.211557
323.384544
267.989258
363.418255
385.186138
378.450121
370.158653
338.77967
291.413227
389.989909
387.824549
205.102628
351.172327
239.76699
371.694884
186.035222
277.923897
305.036383
404.535086
236.492272
342.576457
225.397375
256.878543
383.082035
384.951923
316.000495
385.668541
353.586096
342.932416
180.897304
347.767181
393.906232
392.097544
232.545602
280.206574
206.582272
229.055494
225.571339
401.943643
272.473067
333.807909
188.501114
358.956173
402.122805
320.080327
311.382237
353.530142
355.474491
298.61901
332.39209
209.637499
282.70884
387.701488
400.309447
230.235242
170.321995
258.608597
146.364772
323.63796
281.487117
338.220925
263.823874
271.046029
273.998075
305.457255
245.793361
335.154852
320.318644
347.328653
223.612258
348.438509
293.605278
277.508125
366.440873
296.816486
397.40663
326.52738
321.971661
284.51024
398.305953
344.722203
209.055438
361.177108
283.815334
320.057874
226.884397
285.774803
332.654646
256.09748
331.755233
374.978019
384.719914
343.441926
284.593337
394.127552
345.043712
346.584816
360.178382
295.066998
359.796485
308.610013
370.045401
283.247056
292.90608
255.355228
179.868377
301.776873
389.79684
250.49729
382.510565
342.785832
387.410631
336.98005
319.597519
324.572133
145.981976
295.916383
323.819727
366.34923
338.119188
309.171529
364.406535
338.160642
362.133333
401.293543
213.123627
329.39051
358.048334
286.932623
281.152716
255.209255
246.579147
394.917109
362.221393
399.713928
358.145028
378.52707
399.155204
330.433446
327.880068
207.188363
340.369555
335.228097
259.111365
305.067036
255.304623
408.218384
319.226441
394.734278
380.300386
159.168787
323.837502
182.197354
390.750771
325.675275
320.183383
233.050988
246.017181
194.198082
378.58384
144.497844
400.128227
400.546572
367.170444
204.165687
213.656671
332.788851
399.216606
382.334873
254.9117
348.802408
264.168305
232.887241
360.829316
332.235566
293.62882
273.816925
293.635547
191.337238
375.279049
298.350158
381.837796
263.443357
249.730253
282.510379
229.735163
343.047698
258.650378
270.457906
227.807686
364.726766
321.768012
182.28306
248.966581
348.338747
369.475755
314.446028
200.373123
232.545775
286.385981
314.367923
367.331482
343.561337
386.547536
192.409794
221.965396
381.043723
387.139435
275.068743
313.487406
377.352361
184.264293
284.021993
344.245948
390.178884
395.020943
381.534853
196.855312
277.74373
206.291426
378.08815
321.118556
344.19279
243.80586
381.557893
376.07863
356.855071
375.390693
365.774121
216.832501
348.710109
285.674631
374.062564
257.958175
304.091124
407.978936
319.022096
316.552626
361.727737
269.565397
329.499937
392.983104
283.95802
286.089698
230.312921
312.999681
322.588518
360.28425
112.487167
346.439297
392.961548
229.922663
304.288717
370.080347
401.670194
303.508825
206.656668
262.618838
280.646925
408.687788
308.115897
394.556756
245.764405
315.549324
281.572637
305.555232
360.020321
404.935029
297.199279
394.774055
315.477999
203.943206
247.390457
237.595855
403.016691
386.5468
309.087789
261.821243
290.356409
380.107275
363.870474
339.018287
270.913408
409.41176
350.083669
388.314159
341.751183
238.437486
399.871518
160.618047
326.973928
257.156501
319.579999
341.23196
341.316817
340.792722
265.256471
282.991009
394.874829
275.480038
210.245974
403.823788
242.905411
339.953218
335.133749
293.951746
397.010162
332.225306
294.070938
201.088657
250.769505
242.656687
372.034203
344.052251
174.703787
364.168853
361.654912
259.931886
267.374612
260.358477
363.005978
298.88877
354.785754
375.441003
293.040775
181.14539
260.192491
352.316991
345.358152
248.942318
185.864446
376.162609
360.253775
317.136151
282.608543
348.651666
379.837794
293.805643
337.721545
299.700036
351.905258
344.949286
248.037945
254.859743
192.422416
201.596608
246.284452
350.304731
354.544278
205.553854
403.479648
324.05996
366.760751
137.480492
233.647638
330.086657
378.99761
375.90902
373.795577
369.926563
308.949294
387.698667
318.591275
338.969418
350.988474
286.312679
272.321759
333.753917
315.029215
286.002382
298.730895
199.052374
365.161876
300.117907
343.989901
329.461699
183.37049
252.884403
328.682787
155.850813
195.272267
373.11255
374.132446
236.947818
274.877281
158.999989
245.918773
221.505452
367.385905
252.121942
367.393234
254.062604
295.786394
273.817483
391.284581
175.048512
229.545092
326.587281
181.359432
306.345105
249.526683
320.81273
231.470608
342.977376
364.718957
239.906818
366.673691
322.125432
259.307594
279.424142
364.676086
177.186163
178.841465
248.315565
359.723244
226.126429
308.412069
232.45441
344.835365
355.957566
336.395461
359.54664
385.753682
203.785679
244.588059
253.689708
373.492912
289.553745
361.89606
192.670973
404.063046
324.598102
174.143782
288.956579
239.952167
228.738468
303.492299
363.936133
290.670034
327.552329
296.988154
387.602702
308.333408
381.552117
370.726101
309.297927
242.836851
250.766886
309.585609
247.541733
397.268389
337.734884
334.890522
380.337376
275.766657
402.329786
281.459263
174.666039
143.851749
366.312481
345.005438
266.008835
278.783898
375.158168
231.275485
270.310111
214.637514
281.461904
359.080316
401.715436
321.732611
215.639107
387.50532
352.430107
313.259884
394.364995
340.004118
319.144567
305.290927
219.504864
315.546652
386.225669
190.87613
371.770227
302.365844
311.671554
346.724944
372.763625
255.264251
305.616959
289.92346
152.591298
197.123692
311.1254
289.135728
292.018653
316.561968
317.835217
247.141235
217.851787
314.791105
345.255752
371.753224
315.956945
289.846911
295.058257
297.403222
153.412119
132.987472
276.648653
181.446843
211.650329
328.91191
346.727223
225.533625
300.325822
386.828789
356.425602
358.562792
348.069014
314.259885
224.920609
363.594317
341.364481
156.984949
372.86503
271.391274
344.771218
311.392469
199.53539
160.978775
324.471534
380.96126
370.212923
227.469189
385.036767
347.387135
329.985221
354.654561
340.697649
210.287933
399.034197
351.544122
383.151496
361.683814
229.759725
396.358076
302.868031
334.912207
292.658419
286.390944
254.481772
378.077227
193.391545
243.9878
313.364227
347.955559
237.571467
355.656941
305.393656
304.401762
290.619636
216.451839
257.816113
321.258319
387.633798
336.180523
390.820928
350.663296
358.569138
346.641606
237.178713
321.52548
318.509493
365.047673
257.290324
348.688064
347.071426
397.8781
279.325412
376.779646
392.691509
268.835826
360.544731
403.365609
168.302657
319.809055
393.127745
327.064586
288.94597
281.364892
387.976086
357.273508
375.174875
265.249444
317.169746
216.349435
186.990749
227.069708
376.064883
263.418069
368.267193
396.592093
217.276449
262.151307
356.021837
266.336509
405.050522
298.99657
193.924873
314.913115
305.895427
196.572732
345.779068
391.554387
218.962314
243.437276
330.771286
311.836052
272.779654
274.144297
377.921365
292.172543
148.103011
326.108912
226.872951
231.431247
339.822506
305.581658
401.036502
365.957038
284.43875
384.182355
306.983427
265.448294
223.047176
277.580541
378.419936
337.938391
267.839547
401.52973
373.215695
382.862368
254.728268
349.635344
345.667663
290.813733
362.031316
359.506779
175.735154
212.64534
351.123037
199.429847
405.779634
380.797873
382.273856
370.365844
227.685467
316.748724
266.215967
279.147762
398.149908
276.810421
218.178527
233.285357
279.384254
345.832389
264.732625
286.468246
290.076578
380.450758
339.681456
199.774525
280.841418
353.817145
209.484316
374.542554
269.30675
230.115862
372.644602
349.678614
327.726346
345.767912
370.955988
340.024069
324.345824
331.348276
403.66593
395.168894
339.97679
402.67136
355.446001
269.970556
327.959228
338.093187
397.021865
396.049717
132.565147
346.381709
341.301987
319.423143
365.782932
332.627463
255.377566
357.549038
348.842652
250.391461
143.172736
315.676837
366.644534
405.957728
357.04859
387.197504
298.063408
386.433256
326.279681
337.906787
314.301007
294.762629
295.123473
397.212551
380.305009
238.632404
254.099732
348.922404
399.43157
353.884339
243.415909
375.262329
375.421155
344.591717
263.792253
348.077862
405.977431
359.47785
150.977919
367.452808
309.250877
119.338021
387.50838
312.145078
209.132714
351.293491
401.579179
364.369004
332.919924
409.439738
246.567313
334.504946
321.27608
299.805902
198.903448
396.568199
310.491988
277.640758
367.829181
393.64777
153.370839
402.847416
283.495666
358.338742
356.938435
406.063239
281.323237
280.919654
307.352919
248.378012
261.588826
321.293193
344.873711
196.801972
166.773778
334.596302
323.609779
345.173451
259.155194
383.126052
283.779047
184.670278
367.250979
215.410943
297.816587
236.742584
311.777992
397.963999
300.722174
285.34942
373.736902
248.225758
365.546665
293.230616
383.375759
298.65494
262.75063
308.331259
265.040067
331.522693
370.395627
238.273905
405.937145
213.391544
308.967899
253.784471
191.842903
281.358657
171.841306
171.258404
346.175565
349.448013
114.627246
318.988862
349.392328
389.192872
243.625442
333.113372
277.692133
345.05316
348.94352
355.810021
268.609429
250.380472
277.870216
377.769165
165.70483
349.741169
252.779422
290.010323
140.36942
220.700281
345.001507
406.140301
385.102536
221.349302
333.412345
241.289006
212.137264
358.625654
274.755308
389.960824
223.305076
264.689881
315.32848
405.990516
289.055381
171.582549
211.570799
373.948201
248.933895
371.764636
387.696147
221.220361
247.604412
402.759619
394.836698
302.305524
352.821517
315.295893
331.358111
405.999571
371.969931
394.141522
343.250532
263.209173
310.191432
314.409497
332.451547
353.262346
307.650782
302.14338
327.620077
302.20943
295.901922
319.31944
344.1748
334.25546
382.015668
284.176948
262.559524
364.888804
169.814233
358.900324
286.433889
313.612362
399.48044
401.560939
271.418021
390.024433
331.224992
139.871513
292.845555
187.633368
407.676139
291.017152
289.242771
215.916828
305.741566
322.277433
408.154397
239.234854
371.248339
323.369616
230.526858
352.525849
330.247492
282.05805
253.719308
371.748515
291.10817
336.256555
375.165147
377.985245
304.932917
323.863566
318.241389
349.146349
384.598168
304.816933
356.205655
271.65362
383.440073
306.338435
184.68427
315.020898
266.375865
310.67392
360.534809
322.110024
344.914867
298.04686
301.809816
382.598299
259.920516
388.520596
349.00845
298.474167
282.764107
358.453776
354.660054
269.291878
286.811432
325.59419
357.853274
326.765435
209.517865
291.494541
373.645484
339.413443
403.896525
323.497551
260.804047
263.951104
299.519771
352.455956
351.701553
399.671763
368.996256
326.21953
218.287916
382.55327
352.757007
331.728133
188.502953
332.205708
235.620776
222.386771
375.192585
205.840807
361.554372
315.753089
381.404812
390.691943
361.729098
315.848343
260.261272
364.539373
333.602443
132.973684
371.980513
157.124676
365.589677
373.48399
293.301577
375.739018
389.71726
358.708499
253.329073
400.057694
379.351549
363.708339
383.294487
394.689243
179.692273
276.009391
401.604481
165.607657
364.572717
322.129482
302.303544
232.408741
402.784729
335.70259
271.302107
381.596239
240.698632
407.589335
361.536086
348.505466
393.977805
407.645452
360.174671
292.759829
338.249041
335.601141
249.079593
276.830007
355.701728
221.010403
389.843837
350.640212
238.726765
275.078836
375.430031
261.284449
256.675379
390.40468
394.403527
99.777043
310.126352
250.447367
339.182784
369.322981
353.134554
372.856463
336.80407
200.85613
216.42348
304.459378
182.293186
334.063659
273.483336
194.238317
367.781374
255.178514
221.485998
235.305199
218.739161
395.625279
244.244264
279.848847
333.301721
248.763846
211.325962
338.506096
265.168869
250.65282
381.661636
382.379752
284.556021
381.336127
316.342225
400.2056
254.146109
301.45241
230.836409
251.314814
281.077362
346.7241
285.103157
391.917231
324.847133
295.050993
349.843517
364.766288
199.166467
374.041976
244.877822
264.775186
392.992793
313.652921
357.128079
204.291682
331.12388
257.057521
323.697415
290.237005
359.398643
363.810754
351.431249
339.214645
186.678337
227.3457
345.496557
387.896793
196.205782
188.774191
284.56897
370.959393
361.53152
289.790267
171.931154
180.713389
155.310154
237.553589
318.465871
214.211562
387.363081
293.056993
380.680447
277.05676
353.251263
193.904567
211.096751
329.019688
360.250956
265.022456
394.521124
373.907374
314.424344
328.842998
300.959198
151.833204
317.510643
362.919813
333.190486
330.265527
272.388244
390.728302
295.225164
284.959513
215.626061
338.584941
360.195862
338.267665
214.557859
292.805884
283.823505
336.870367
252.197273
321.270565
369.122928
235.91603
319.695868
398.46696
300.197323
354.022503
239.294054
403.136379
367.243968
267.943905
264.401645
385.959894
403.809032
375.279885
320.488609
256.112403
363.262133
316.67743
358.283102
333.438637
321.068222
149.491268
271.170666
382.22423
298.673945
246.498659
201.521993
299.506442
233.468342
333.352301
281.093813
286.674791
395.071939
225.772559
308.38836
398.634127
310.58771
381.677899
373.162668
269.247024
237.44795
271.606641
353.178876
249.117834
212.755284
376.253193
283.400763
342.494236
276.280088
234.404319
397.469832
197.535097
213.042882
331.846416
220.826964
328.016813
246.34581
400.57587
376.283805
307.768676
376.904308
406.771269
368.165591
243.263966
302.239969
222.898997
393.728516
330.222707
297.720614
241.501658
323.760189
307.729917
340.9643
255.445689
362.962337
299.09189
317.669241
339.197911
381.694621
324.678948
298.618198
399.129103
287.043996
328.26673
247.478341
300.010349
327.617623
391.829201
309.529354
337.910634
322.380854
269.814348
314.74222
168.153216
341.722412
231.817685
323.839062
240.242983
264.960065
384.779585
236.418985
381.451953
323.721092
226.044917
400.445242
357.811705
278.417946
148.252141
356.086965
203.183297
237.31106
405.607863
296.3984
214.024484
348.765681
322.420715
308.954505
337.775972
283.670935
312.906608
366.629973
408.815676
339.772906
239.818498
200.779287
259.517413
157.054621
310.258624
216.703239
199.055079
251.194558
306.622311
382.999709
340.269431
389.797544
291.578499
145.871934
343.122545
314.889206
382.501894
192.74048
297.439378
213.504587
259.003855
175.757421
332.574962
354.71887
281.124591
366.055559
212.295303
372.718055
380.176848
316.118509
378.156222
374.36691
321.259453
332.525395
373.779713
348.284515
383.203482
346.895178
399.903888
375.011909
308.484881
284.498931
380.913673
349.271964
345.906678
210.305943
333.932966
355.521884
312.9507
232.767812
323.760526
308.288834
347.891355
312.863896
368.565147
371.076004
340.776794
378.839866
246.470259
321.672963
300.386901
290.348125
233.818854
344.539553
376.690885
393.069705
225.818734
314.939796
300.393961
329.984551
397.523517
388.128726
340.084377
181.024745
397.541776
276.716299
382.484935
398.700812
328.037982
333.539829
362.223267
348.275183
353.774084
362.751357
348.301287
311.271331
246.236183
324.813252
145.39134
326.700856
366.244227
354.470889
169.493532
254.612306
331.955181
270.576994
399.521687
122.195481
323.35724
395.07893
322.211371
311.878934
324.167965
408.637196
392.769732
283.349062
263.66433
377.70286
383.517893
300.409932
265.643005
274.724993
366.833362
350.10574
391.774316
336.075609
316.190367
365.272685
219.753692
291.818763
224.241584
179.822752
347.549767
276.85438
244.448883
390.06058
378.807413
306.806117
387.218953
321.866899
145.045509
250.350879
186.605802
340.656557
386.342826
365.520618
397.65249
313.533555
345.779789
319.137417
325.325902
274.50908
324.754827
373.250667
331.565851
307.581775
382.754509
293.841169
314.205553
320.891611
396.338424
279.285263
250.419963
378.703255
369.090499
390.254413
262.980442
357.898825
342.239662
191.259853
402.264174
366.297924
257.059932
208.22407
139.445001
378.185119
395.944723
250.993309
335.407573
264.065378
207.315496
250.857213
372.966516
309.695788
339.182173
362.240511
262.313836
329.411814
402.509512
164.189613
346.154159
351.613824
356.684198
369.939357
288.678926
296.815787
339.572228
347.441558
360.509196
394.95966
366.771542
295.629552
388.812288
401.12195
277.385512
273.284689
363.403391
388.110568
214.770751
278.100704
364.994224
165.510712
364.130292
163.93337
327.597921
223.040071
365.326058
260.907543
363.295481
322.345109
339.688896
397.940246
337.743394
358.180815
214.791207
388.939993
386.69181
336.320451
365.700016
345.637017
143.770445
389.755519
278.993129
375.194854
368.620817
389.94517
276.380869
369.530769
166.745362
130.45938
316.980444
352.125288
384.75275
344.579764
269.67211
379.946626
373.807156
183.257748
364.969197
345.103723
336.845271
399.725145
315.499349
184.959819
301.207702
164.520915
287.022879
320.355441
330.65721
356.600204
238.544196
377.601386
333.864784
264.822334
389.027435
235.74569
277.129364
349.185937
378.319856
373.913804
315.930001
385.838198
408.152582
324.057885
393.715423
405.537353
318.977715
340.642133
264.854188
232.691913
354.843613
309.297165
393.908969
115.831787
282.286916
299.235617
338.911013
365.934991
244.284301
286.194673
386.000593
206.685016
190.405101
264.651774
406.836721
217.138205
287.39183
182.126695
225.801771
204.947833
281.999973
358.402641
393.062325
278.931659
366.315295
373.262948
285.578277
386.676157
344.746855
397.402296
133.227244
317.633464
375.34561
317.877333
360.577242
332.052381
152.297909
337.061112
280.177319
243.446195
369.509837
397.964971
331.022557
384.267463
257.873917
327.008798
404.05982
188.002396
271.182536
325.170679
386.552105
298.732896
160.082284
291.600397
293.744817
358.194189
366.865322
380.79784
334.107561
333.404795
264.828403
369.309905
324.013575
193.500687
298.861654
339.119074
232.311722
242.726618
393.922019
302.528331
333.186478
279.258277
235.276254
323.68798
282.869671
226.598749
393.78032
289.836707
289.776315
284.439405
297.983891
277.445456
366.293905
373.651453
295.712039
283.433988
156.62098
250.476652
402.210061
308.014933
278.534372
331.355726
380.500081
382.656476
341.356507
364.96845
357.027779
380.036169
298.741156
392.230936
242.334839
328.318903
378.563989
399.529492
356.583713
239.621633
324.111275
332.86543
332.300421
228.955619
286.607509
358.349036
395.874786
363.016054
403.282088
368.366174
323.250451
220.662682
324.786573
240.295338
342.180554
331.018857
168.015375
210.55233
312.723383
376.274914
336.702963
232.608041
375.338071
373.999525
321.544907
356.745283
151.239933
363.717687
400.825288
179.96222
363.489851
370.788101
253.838178
385.003931
242.939629
331.397205
386.965271
305.171032
319.76139
227.657081
338.143526
404.065749
263.997655
408.805887
206.055518
373.214851
272.38585
292.696895
316.105731
394.524191
356.101684
264.549857
251.233899
327.82079
343.72119
199.112838
300.720507
336.671268
313.048763
356.576571
347.794289
243.420931
250.070963
236.568407
367.323729
157.536731
353.577593
324.350377
336.581627
400.020793
255.285431
241.465654
285.941161
213.099873
282.646271
374.305264
275.171084
184.131003
330.730347
225.871709
399.488619
327.689812
155.485538
340.378791
330.699077
394.301348
185.572593
119.074984
298.842661
352.075096
289.193648
383.711737
327.976572
301.262625
362.281787
337.396642
311.450475
322.387727
307.564415
303.295096
351.784027
363.417725
278.693579
138.457316
338.658149
275.485038
365.810475
209.812551
258.823387
329.519213
299.368597
228.983639
396.512233
274.269875
376.288961
348.652115
387.075797
285.010914
234.310645
362.42803
357.455449
324.037734
360.617922
222.501279
391.666212
243.02887
390.674133
124.218388
334.745504
216.261928
250.87189
359.756077
282.721993
187.439064
316.189849
323.360381
391.73247
273.103342
394.188186
340.645477
302.189684
321.553294
298.67807
240.107851
230.284293
138.923486
373.51609
256.941493
323.359659
286.031351
390.545705
217.674962
398.316694
165.317954
232.231057
352.580637
275.475991
321.260133
376.656913
353.73744
387.140956
332.250066
225.553703
384.747881
385.233645
372.760834
228.768801
228.728816
369.20369
388.23478
290.632935
329.828732
241.993729
381.958259
237.009758
380.916939
272.992589
291.759029
305.194226
382.679682
144.745326
332.176831
396.321626
234.246343
292.388851
327.352585
244.634887
221.847993
262.046179
193.562901
282.769761
382.356772
243.282288
316.604373
386.965186
337.089783
310.433827
309.408163
400.249649
325.77678
297.740483
395.379896
371.708834
349.586502
173.673816
217.635785
315.09181
261.821511
175.461961
313.903587
314.62444
268.750815
177.809831
358.565573
395.115311
296.557597
151.724211
387.719621
281.587832
287.95885
202.148654
310.861087
281.00935
322.055851
345.894759
366.50839
276.838123
352.211437
331.008179
370.904543
229.771773
402.183173
317.743572
362.390484
377.48035
297.351827
262.611595
227.432816
285.722098
270.354172
347.386426
325.625906
395.796531
357.661477
297.788538
253.800144
313.229483
399.352606
205.065778
304.748041
336.527003
288.085102
345.71655
402.132837
219.334975
387.764772
328.547222
400.636722
401.204544
319.754339
400.34977
134.013317
346.444457
228.622927
244.538902
388.519787
190.438899
387.255808
334.250591
208.231502
287.077152
355.364416
199.760861
193.862234
203.654153
235.002617
346.788161
261.81992
325.627491
377.068942
341.97336
200.368047
181.325839
383.707952
280.744656
341.284391
361.903705
357.228128
369.333101
260.850093
147.6131
343.299118
332.007253
146.914212
303.406357
337.878071
382.277368
150.04062
302.009816
344.721162
344.819219
190.924578
119.863596
302.508797
308.622712
343.245307
225.532183
391.360188
303.214506
303.939478
234.993999
346.70575
306.865164
365.878552
387.622638
378.751189
295.745184
316.016501
304.078419
383.537694
389.4399
306.771823
306.760521
369.033923
282.160358
329.870763
290.738843
143.649418
398.915014
309.225505
347.621282
288.181868
395.327947
190.053029
237.595443
251.732909
138.852252
356.080819
313.810896
218.443477
215.973551
273.704607
359.735813
201.68815
320.752408
298.167789
320.455113
363.124516
242.078634
324.768211
309.162146
338.904473
287.470164
367.215468
226.816759
295.277564
367.883935
270.17964
388.337532
350.364627
399.33396
223.956343
157.686279
271.120121
348.402001
265.417876
378.843375
324.729071
167.89216
377.930717
254.446409
325.621955
366.216552
308.353293
332.685979
217.177817
303.295324
384.744358
379.179477
399.951891
354.836079
311.147816
281.244971
366.87941
176.269607
236.506458
310.093258
265.470463
182.291391
401.221135
250.722156
155.952575
266.56226
320.156817
190.135451
259.297296
290.26242
397.90523
334.552716
264.363953
336.368562
407.469172
328.31963
257.941225
389.902237
381.926115
292.315219
323.624601
283.585807
291.252367
212.559006
361.550934
377.225896
388.760253
357.83968
299.444961
293.475722
400.311745
393.858956
269.111679
401.984309
279.374572
355.892435
363.289307
309.54584
201.179603
272.093522
243.336811
375.879018
353.990569
364.694491
