Neutron Energy (neV) - 100000
402.420964
214.610043
401.696599
403.506159
272.974264
372.834417
282.338011
357.597138
331.048481
400.644789
406.563869
405.117246
321.231946
256.315715
375.086683
408.382499
407.930215
315.400959
301.768467
339.248078
404.507788
315.736345
322.720844
291.52989
320.339542
264.262224
385.561055
346.994706
364.762418
390.102103
363.776233
290.372109
274.40972
387.602627
366.414421
328.018946
380.873274
376.805676
402.0811
393.187355
255.711749
397.19691
396.2426
316.695067
386.685964
399.352898
382.724954
313.284067
355.006398
314.265318
321.131411
351.929063
291.381705
359.007106
370.155685
316.595809
362.093968
318.749736
374.839753
402.283303
357.837415
369.230714
366.928867
392.627701
402.560338
295.122072
368.670516
380.382459
271.712841
391.514201
246.553892
308.193151
341.861423
328.875249
322.039211
320.820973
253.413402
311.698479
382.261443
352.988527
394.847808
284.934255
407.57595
353.660114
325.274682
339.224026
277.981927
251.47695
329.571384
191.262844
319.487603
404.710819
374.995437
402.480733
319.822234
403.370206
299.029282
350.544076
330.045642
362.695549
361.840628
312.133119
356.723952
314.486204
406.330379
349.806378
322.872154
395.854176
329.746436
394.000762
326.213128
324.558096
247.757992
234.558198
210.651255
223.345988
365.519406
320.740478
372.342512
323.935924
391.866616
325.828693
224.323592
356.65642
344.481859
309.81074
380.990372
292.546163
349.064486
391.669525
337.719016
302.211183
297.468544
400.632083
246.450054
324.749198
367.034766
394.836337
253.962631
382.789395
349.052302
308.214857
394.909678
391.69122
388.979101
357.383698
403.774989
340.085125
382.222364
399.506009
334.367536
319.895382
305.952154
319.211557
380.154648
406.667054
394.208188
291.654346
387.701488
345.58466
397.17124
334.640098
348.438509
321.716495
336.209877
346.584816
359.796485
369.716655
405.654152
342.635916
406.158028
342.785832
326.818297
324.572133
378.891547
399.746761
362.221393
293.125091
344.703442
380.204509
301.285076
359.126646
292.719845
332.235566
293.62882
375.279049
263.443357
386.138744
248.966581
331.472399
386.547536
321.876694
377.352361
381.534853
377.078874
350.86982
346.405991
329.499937
371.108162
392.961548
226.752637
340.291528
364.158042
305.555232
297.435156
341.316817
403.823788
407.218069
375.441003
227.232147
352.316991
375.887345
309.037794
245.641539
324.605966
353.50061
182.82414
308.359572
354.544278
400.183825
393.662381
302.269124
390.966802
245.918773
252.121942
404.743713
391.547308
403.858348
348.143323
215.620682
320.202822
332.784934
404.668167
380.337376
317.542957
361.380606
305.616959
374.388077
386.728129
386.405509
363.125524
228.729873
404.140708
377.120592
387.633799
299.128624
297.460805
348.688064
403.094983
397.8781
314.913115
374.817494
367.781818
327.828885
302.244068
277.943115
257.645761
380.450758
405.540897
353.817145
331.348276
355.087212
387.197504
326.279681
348.922404
384.956298
347.065731
340.326549
401.579179
364.369004
338.411147
353.991903
330.978311
248.378012
321.293193
342.413314
359.670272
329.575868
373.736902
392.772238
306.952965
262.75063
288.415919
320.417705
349.392328
405.990516
360.108843
304.430767
302.268341
382.015667
339.065302
392.299016
390.024433
309.144728
221.109505
330.247492
379.541329
400.257468
402.672876
351.701553
375.192585
359.64676
373.48399
364.572717
392.16183
366.802341
384.061042
287.308119
311.402977
394.403527
279.848847
381.661636
381.336127
333.801387
256.161641
228.806308
293.056993
397.316792
341.216113
272.736055
305.797219
242.719502
309.706029
283.823505
339.809532
391.606295
406.152984
307.137243
316.67743
373.262736
296.640769
251.788593
368.381248
406.771269
317.745183
395.823476
328.312346
401.129358
365.345062
336.419019
347.612806
392.630244
385.203366
326.014055
259.003855
354.71887
312.174506
332.525395
351.446995
308.484881
378.216412
255.844051
374.527855
266.475609
382.484935
314.798008
384.633396
209.719703
260.513487
338.429441
365.272685
225.113556
342.086292
367.146151
404.55357
365.520618
343.2961
378.703255
380.981624
257.059932
395.944723
390.48988
343.832033
329.411814
378.689835
345.637017
375.194854
322.227531
359.987411
354.848605
256.963551
391.394278
394.711003
386.000593
243.143277
215.802289
326.981952
328.144702
324.636711
318.117814
362.967413
398.257242
267.921617
380.79784
333.404795
361.642368
271.832115
394.598727
356.583713
333.312265
383.992646
316.105731
331.19161
409.457877
262.305383
396.764596
330.866075
325.508296
266.462145
293.814083
331.220275
301.262625
235.561979
329.519213
228.98364
304.731576
391.666212
243.02887
359.756077
302.934097
395.930503
314.314145
281.537443
352.580637
388.23478
382.679682
404.847021
261.821511
330.562988
371.29256
377.48035
348.940465
386.949548
227.432816
325.625906
245.641171
215.434046
336.527003
376.020662
332.007253
344.819219
316.016501
369.033923
398.915014
258.154524
355.809379
149.28172
314.099504
406.101041
399.951891
323.624601
371.08582
303.578132
304.273565
174.701856
257.430731
344.324644
333.832147
325.618941
401.062688
372.085365
403.946285
319.040606
216.524562
380.447002
316.751823
236.605488
362.86674
393.354408
355.827884
397.479051
398.640515
368.428959
298.922859
271.665148
348.14767
346.088444
400.14829
336.625686
394.334944
296.990429
345.986752
384.962781
265.791638
296.222508
318.318284
382.935333
375.276315
365.215111
390.391869
293.081743
396.340154
230.476581
306.662079
376.361988
359.22498
365.579859
394.33888
399.453746
387.431748
389.0472
393.778316
372.826905
395.571069
303.558323
320.064449
321.291724
303.314989
298.497657
296.952541
275.962848
331.06939
263.147024
346.797499
319.998074
336.031584
292.150211
286.644357
402.821251
388.14877
283.859106
336.261384
221.345353
312.141359
286.488736
403.323813
381.995393
407.866084
403.820762
379.051828
405.69315
280.067988
325.523223
390.481927
261.329336
363.000872
231.24123
404.966877
408.318612
320.713368
383.000182
370.82124
401.656176
390.36734
308.885642
320.439473
343.131307
404.115456
381.15059
395.688659
335.625958
340.183823
402.128172
272.604262
327.044946
322.656421
401.154428
316.649217
356.023197
356.7954
347.911809
290.548744
373.88371
303.713419
286.477238
327.108245
393.113171
397.571914
409.545067
219.719724
387.920242
350.862346
386.358643
361.32024
369.524401
210.256943
286.571751
240.484731
334.218752
272.511842
278.058626
406.862488
307.419278
399.484742
355.18248
365.318911
341.3098
319.971014
368.480279
325.532887
370.892786
317.159816
399.855726
274.379237
345.816326
369.630401
396.473184
393.960222
336.423418
396.217929
346.97275
373.242863
398.768548
402.406249
351.754729
332.101535
341.960332
402.038449
365.308313
353.887648
355.039729
404.431619
352.864203
377.024956
393.917162
393.35844
324.666007
283.929117
365.613732
354.417953
356.61911
316.484692
397.677318
359.751458
294.449131
369.061466
383.566807
304.437082
309.284687
322.357181
366.444381
404.41951
327.818441
250.789092
391.038668
269.721018
404.330256
374.472453
291.454141
351.646707
331.998002
336.079011
295.623825
210.943127
350.059399
332.360433
319.86406
377.258394
289.741161
333.349741
345.880361
351.502008
398.902109
401.214193
277.121083
375.410553
371.320615
386.415239
391.987282
350.186572
336.037276
345.97345
398.782583
354.599001
292.360756
263.391265
289.000821
370.742427
383.645615
380.575796
267.136184
332.909156
254.968007
313.447798
343.923678
388.274064
370.421645
348.229224
361.587931
357.420508
364.736425
351.895038
380.60619
274.441734
305.671999
324.878155
383.507233
275.084561
317.280161
302.736173
356.774092
275.16425
300.40783
260.092862
347.59287
377.485493
288.76474
354.757114
396.751202
389.897699
365.945519
386.806224
384.879503
389.176466
391.424877
392.117272
396.363107
291.455289
377.096992
181.750554
316.868508
379.929237
304.182348
351.42646
387.274033
319.851533
401.540639
284.071573
355.981304
304.200752
311.65773
387.427381
250.934124
373.491403
349.176819
329.173448
402.795932
406.904158
349.711319
338.607351
334.185716
315.978282
249.385423
239.62211
378.072414
401.38273
309.755034
408.885111
332.303211
372.634239
386.738317
371.762293
341.141715
349.60215
266.003628
384.042311
308.834318
302.17324
302.014969
403.597175
360.775766
406.239131
270.791545
306.217138
274.285503
377.196509
283.634454
339.156095
332.456364
320.521219
338.626013
364.923965
338.254021
385.484688
367.582984
334.296763
340.446423
376.77185
388.476303
330.781015
170.236928
403.681966
361.51712
271.365374
370.913538
341.713732
366.64901
351.358149
339.061422
341.372623
344.921542
375.990335
391.258037
402.79954
401.634524
349.937106
340.217801
372.076843
202.239432
368.033437
293.729586
397.113261
377.622857
324.172844
376.364555
396.937591
406.209904
311.14694
291.198599
188.718395
324.142477
243.776785
406.558908
266.012944
320.694427
365.17535
331.412699
214.864206
346.801004
308.237721
269.472167
392.010926
389.604971
364.787693
318.141785
289.343664
287.28468
374.031319
359.396005
204.630572
358.686231
398.254514
385.092968
364.128048
336.479752
300.585353
222.53597
407.684696
316.936465
380.353552
405.625909
347.492332
292.059327
403.800474
377.861293
359.626847
335.094114
391.366367
389.26354
358.073123
375.719842
330.329638
391.658138
293.289764
395.777912
381.29638
391.476045
311.093284
327.307018
283.940742
404.173175
370.341792
291.073328
338.126919
396.440993
375.472952
378.598514
321.894626
381.671601
316.091301
350.827011
391.137122
281.23014
330.134648
396.400567
275.634304
291.023329
343.758606
402.039503
351.775587
378.733771
366.51123
240.538938
324.944249
238.893047
372.973096
368.945919
399.278167
344.146902
368.896051
359.690331
341.73054
262.310664
356.586168
272.056984
333.800916
303.66628
350.130104
235.122986
395.366462
319.713026
387.309877
285.621439
355.853372
404.21419
384.157482
407.670815
393.196452
404.834832
372.11736
289.897727
393.313412
337.650152
397.087585
358.807814
386.395464
293.357776
391.098593
308.83955
344.806293
404.809584
385.315707
263.417376
405.344783
323.652078
397.39538
286.289085
292.036784
298.926597
406.77078
292.161995
190.455178
408.863404
332.190928
406.409914
397.801551
286.101832
301.303746
355.420167
377.019723
310.216907
359.005865
337.995486
397.029421
248.864134
391.019331
389.065347
391.154905
289.984827
324.454594
290.213853
279.024549
388.575348
405.748253
324.95572
375.601905
299.719997
388.777929
253.294042
313.72205
381.233922
303.89946
374.771277
366.692544
228.856142
232.679235
279.033646
367.933234
367.699854
277.043592
328.060276
383.200917
288.970192
379.864841
401.920406
217.946864
401.373146
407.857685
326.961471
374.40939
326.628
356.744794
397.031898
390.776505
346.301338
397.756119
348.764836
163.608297
373.744463
334.847276
290.057039
327.832425
316.66873
374.00748
377.930504
344.673976
389.621154
406.484256
346.706862
398.135193
323.80742
326.330201
244.122674
387.95057
391.927993
398.344981
380.943148
378.875463
400.789538
368.61062
318.821558
298.727742
334.482491
368.020636
347.634293
363.428666
371.48317
247.097883
308.663724
352.950511
254.637822
371.263284
334.041859
