Neutron Energy (neV) - 100000
332.083846
376.256641
295.398417
299.164826
352.652279
364.253748
315.57889
405.725867
353.392589
351.318082
201.256694
384.741143
274.812585
336.645
250.615778
206.366906
366.09409
356.038116
400.590382
406.421347
327.495704
370.80986
314.617961
347.878462
343.980517
252.16878
391.930434
406.575018
366.565411
344.827622
238.574908
399.906504
331.575924
222.265145
389.505097
204.344543
222.517567
282.968984
367.817929
388.02608
406.925157
222.707209
359.583436
179.08634
365.064161
364.620388
326.43144
210.515253
217.745301
288.939595
311.40073
385.115407
308.045094
309.898803
248.406992
271.748761
346.947269
292.758093
374.760545
274.218984
310.441634
289.834098
165.783368
376.293219
162.627584
399.311378
364.956137
315.297059
274.357236
116.348183
114.065189
404.482205
285.784252
348.797022
145.874541
357.851993
366.120975
400.516029
147.849036
336.244208
349.972756
300.146355
326.412738
338.214584
216.234633
336.584774
407.710869
341.965989
396.634001
274.858016
374.820559
219.194889
406.896832
354.266422
344.299928
340.71211
394.118065
249.92658
279.087213
373.930499
323.771891
283.491619
364.033121
339.24318
191.454554
391.890319
380.352426
342.553687
358.400089
244.434418
191.306036
378.009152
361.582983
309.357161
340.472737
368.583092
353.674502
364.196774
363.867393
368.912413
281.365106
363.949227
275.834367
390.138077
270.421532
278.024653
355.616135
381.368273
320.028824
369.021921
321.982234
356.439296
310.739138
290.296092
370.307094
337.330169
289.152275
343.165231
247.249007
206.503567
291.801751
384.673736
387.110362
336.05696
407.197858
347.547247
402.499171
372.191849
345.77324
228.901701
290.763435
121.874837
369.620019
230.912542
172.732338
328.008139
344.900554
294.65738
316.51525
277.713251
327.743806
337.78248
403.813147
186.582978
354.026318
306.445113
358.721313
317.550365
333.284056
183.784259
359.05258
369.576546
253.925821
258.04018
349.216488
345.850337
373.882484
295.092694
403.088452
403.212266
356.09775
384.871719
285.245849
297.436476
349.533971
348.025918
369.803506
334.540268
291.018576
218.828569
399.123626
258.439683
375.966686
397.093696
210.135904
296.703127
191.105853
312.062334
281.533063
348.918378
394.708943
313.721301
387.308055
190.921899
318.868563
403.399611
408.06819
223.99944
385.494803
168.196996
199.855802
178.716388
389.637621
255.815662
306.658047
287.955342
185.330862
389.6604
149.753852
301.749816
355.655207
338.599736
270.224404
301.478425
274.835783
128.947695
133.804871
245.729546
231.947071
382.673936
311.440769
374.640316
386.475629
363.612598
275.708828
276.739078
311.123344
295.093594
255.224785
178.982523
182.434726
319.044154
307.678485
301.786226
394.407817
358.886054
183.214979
312.525328
188.514225
334.109021
285.714217
404.87045
311.612092
271.303586
382.083193
338.799326
301.793035
285.671846
322.347858
346.781859
372.166769
168.847115
340.753179
317.194846
368.480369
300.148647
340.662014
167.01663
261.198453
217.549553
282.043323
284.705398
354.107619
299.415266
126.438948
215.2313
390.383407
337.322647
406.129337
354.306452
407.834299
349.984219
400.852217
377.305578
362.080809
159.162253
374.610228
270.203367
353.878907
378.321011
356.199515
231.848895
205.050794
332.739807
279.321602
386.118684
280.569042
406.301143
298.491428
381.824677
255.948829
308.690088
328.41936
298.456714
327.014136
392.137509
363.382131
233.309302
295.002887
390.813611
323.805827
367.41941
376.436091
257.83598
262.550534
294.511555
341.395699
336.788513
271.630991
382.484683
402.502357
382.11553
332.589242
309.553033
405.076308
360.842421
407.653547
372.66509
355.744298
175.484019
212.747568
400.544271
262.647523
336.14607
275.063257
295.761175
403.845094
347.553874
195.021626
369.879032
362.381375
351.622327
314.932552
381.914682
279.201756
383.889776
319.367687
342.150933
286.268748
266.156025
358.66979
389.132442
303.095331
357.453966
358.489101
280.708801
184.113742
208.473
227.740805
217.686368
401.789419
323.986017
286.696305
200.802095
364.73251
357.945111
279.429336
292.94088
327.197217
355.229204
376.808007
353.342201
399.883557
313.876647
275.89893
284.093427
346.331291
264.102287
391.220363
335.308041
404.37273
351.152296
342.690407
156.23331
281.988161
273.606469
291.855976
344.118884
297.067124
406.770822
215.397865
289.11388
176.32728
323.589076
398.52159
312.130803
398.708234
394.128223
360.242175
289.675705
406.264346
324.789707
274.526128
394.904443
237.775292
353.892116
197.814782
365.949279
297.021792
200.50288
354.161469
327.434311
337.573935
276.944624
121.317543
218.016771
333.46414
285.049305
307.553669
372.017406
282.688266
306.486739
337.380069
355.018771
282.546717
369.779733
254.494218
328.900203
273.756784
265.770004
334.352227
249.009727
221.514392
303.670946
360.576042
349.477916
383.836121
289.017455
221.195434
222.766692
350.389612
384.958216
316.837582
282.304035
198.462335
359.175128
298.349538
314.229613
247.290553
402.338251
292.872363
286.406273
262.578374
357.149025
280.456176
340.751357
262.480155
315.905312
194.833563
321.146669
274.764446
225.319573
325.957232
325.081003
332.605324
377.539399
341.404828
352.72928
296.374508
303.197366
305.270076
279.796427
329.896045
231.419519
391.756622
210.512055
290.562032
224.254267
407.037849
395.337543
324.133066
311.831776
381.720171
136.856009
267.004199
282.347129
247.075393
374.281047
261.453074
242.793002
316.992618
358.510765
398.016855
373.234254
245.869188
340.889438
219.012163
309.602081
335.4208
368.132213
151.577057
285.445379
202.723227
321.760013
259.491693
327.922422
343.873328
393.692954
347.977566
263.809877
269.35246
282.147434
407.96486
249.690291
337.363259
187.898624
315.485683
334.546148
304.547362
304.987588
377.517611
197.793938
318.441221
374.063025
203.854078
374.512471
323.850009
128.669506
308.853637
328.632805
347.438858
320.49018
232.907565
377.432649
301.248331
363.57549
244.169749
213.276621
333.71801
226.720578
225.600341
272.979169
277.630663
366.924609
390.301576
309.245186
347.918517
265.786992
255.932145
285.686157
253.006238
341.953803
180.287137
325.943049
373.213232
280.26124
241.802878
340.207779
365.697715
286.684749
324.573192
404.324484
361.756132
361.86061
392.105742
365.644873
350.32821
302.161187
324.412872
402.735668
223.085148
233.148241
378.582434
194.778717
231.337485
303.077827
296.530274
261.245902
296.778115
340.247385
220.354013
330.304041
284.650247
406.708811
392.778189
290.649952
365.898779
393.141765
335.646217
225.65338
352.227353
298.649042
374.911085
180.915294
387.107977
344.692057
284.213976
263.368799
269.694261
220.861201
243.941182
213.028085
233.564913
287.352688
291.518613
315.052331
261.930081
259.748315
404.615244
301.885543
271.237253
376.542877
308.271986
384.796876
239.458985
361.31637
282.507362
356.857535
132.651782
339.329306
367.984891
212.035511
383.988357
327.676739
329.75621
390.828314
370.735784
262.873909
301.094033
358.728497
352.96389
393.031403
386.449926
360.645803
224.180829
372.339533
231.190837
380.025822
168.820556
388.39227
402.216198
400.288939
185.232162
357.151919
386.945478
245.453386
399.188946
302.137494
341.772575
307.511361
317.495472
291.517358
274.289856
334.960154
163.971366
378.784465
208.165139
209.091739
225.341204
364.731622
373.183388
228.729232
301.925192
249.123305
283.162754
312.064635
366.103975
376.001725
355.980295
311.062071
319.508519
168.827089
213.189177
392.67271
386.207713
211.636734
251.897346
384.583306
268.967009
374.266368
394.660483
239.165309
183.597623
406.610592
151.729522
320.626379
161.235655
367.084935
241.346952
186.918214
190.352203
224.359836
128.422852
175.453157
387.03201
396.613489
371.763679
225.482287
389.78911
164.561233
214.993718
397.939662
212.194634
299.933297
346.03509
273.302432
264.862995
257.149053
164.570607
344.056228
320.37017
195.408667
241.481623
401.855061
329.973842
198.978421
394.09172
337.547321
296.731895
168.49418
246.23215
276.438538
292.668487
309.679597
321.001125
223.959573
162.647061
336.469335
236.924382
295.509603
150.741715
251.191342
405.910956
379.761942
233.41841
361.387688
200.125432
378.097997
236.468417
382.616227
402.577505
335.695392
331.588468
308.398186
372.712405
340.550068
289.529232
391.901059
330.767375
292.350073
352.584208
391.2143
145.173089
334.538957
376.715118
377.468743
337.914277
338.242452
355.959002
397.270651
360.490614
297.26101
161.155757
283.44072
236.470422
133.029757
223.423587
229.758718
374.416354
250.425574
362.960585
264.710777
387.334725
184.493556
314.950908
321.874355
250.672514
373.489677
368.385974
261.629863
377.276738
346.260428
371.788636
197.202172
368.20847
348.333805
306.701092
230.179739
300.65217
198.159708
397.921742
187.355147
391.956984
351.832578
367.799375
338.471105
194.689924
267.506702
377.114733
324.398936
347.135952
391.715158
367.027092
148.682015
359.05851
390.186636
249.984023
251.938502
337.897243
185.265651
332.570592
365.743259
342.196888
338.456829
348.149246
256.745829
241.308391
309.520537
343.055104
193.269212
156.955716
381.459484
332.796189
352.679146
349.762636
258.358348
344.19941
291.600918
251.227507
267.133935
245.618179
392.765672
324.176692
276.088183
316.072382
198.134302
212.138577
253.565225
236.97972
165.212082
393.482252
331.304964
392.732689
262.070647
247.316164
218.58014
313.204462
365.822468
191.814136
182.604751
383.447341
366.399935
169.011791
151.889408
397.126636
348.300756
232.547706
370.2826
308.061494
398.15654
169.855075
312.821848
409.149155
360.200434
376.010341
229.219744
369.376274
235.466451
249.793301
282.120338
279.434677
301.610515
277.240264
129.555311
268.210668
364.151362
288.94099
205.303813
346.280608
312.426981
337.762444
302.323606
341.346239
310.317948
392.935036
364.800974
388.757288
352.372882
380.360089
296.655257
232.060296
149.117006
374.896216
232.988776
315.941735
384.375044
396.97222
267.58484
238.705515
219.779839
326.385536
324.584869
328.810777
272.35017
353.359595
372.631382
375.134577
317.214103
400.102035
370.831976
338.358846
295.225857
111.962985
346.823439
189.307705
368.274261
368.673584
312.878944
405.04275
294.052518
282.85866
259.954773
385.429437
182.385406
374.161696
381.630049
406.342708
292.808854
370.35857
333.511029
321.864819
372.835487
319.06476
344.313803
384.449544
327.661829
400.773216
352.259141
293.297551
403.7702
221.652899
323.896919
193.651234
273.24486
387.102463
220.332131
207.321353
310.447843
239.214629
324.923561
243.592844
286.784989
382.298928
284.384532
168.812749
164.241994
392.691802
305.581504
247.304895
322.888464
269.296738
377.715457
261.546807
344.469764
407.686046
349.472164
374.375665
158.814791
297.980734
287.777116
273.336606
351.901298
190.977543
285.727061
352.020669
274.919493
341.318997
304.547993
323.534214
391.318991
328.941595
320.851789
380.112266
392.678343
187.04377
360.312922
266.903892
234.429571
376.726565
296.52797
369.932992
182.55996
280.945253
369.157728
326.988314
359.556892
304.559452
185.880729
228.473296
359.024073
284.987034
191.293409
264.266323
366.409205
206.854858
353.52783
356.507342
199.405428
397.878749
379.178164
281.626696
385.0942
369.803199
295.343629
377.73508
300.663269
218.139999
396.742162
407.103602
361.626677
368.754268
147.396084
302.739531
143.222692
290.20414
342.746141
398.529598
343.805704
353.147968
381.10375
220.038928
292.324041
160.832125
357.572335
357.604776
374.151212
374.849675
314.175245
126.713938
387.173331
185.33084
304.348712
407.136955
318.577105
403.955332
296.951482
399.851103
315.985241
350.124754
288.638283
130.81513
351.235162
355.653379
273.541133
305.338461
224.14802
269.661259
263.047684
405.866173
393.233729
328.636817
253.544554
300.725805
245.177459
354.329603
352.003086
192.913927
188.91267
173.023371
369.642724
303.012248
271.141009
368.441818
305.553556
350.522201
271.860318
393.814871
336.084293
288.870737
246.889003
172.904672
282.389685
155.05872
371.005403
171.163291
213.967766
362.422251
347.634133
391.751818
261.936658
267.978201
363.238814
227.185272
153.540537
232.823357
372.345104
233.591085
310.640301
127.328338
261.836148
367.060303
305.343425
366.022865
202.198755
290.808496
363.398161
377.878333
385.882144
258.666948
278.107608
386.786828
360.08385
276.006778
343.58128
360.50307
283.820602
361.543725
311.414502
303.036665
306.592368
328.202433
179.913854
334.763871
346.830757
299.266622
365.939385
288.915783
322.021562
294.585348
405.927431
369.763388
298.304939
395.753327
323.623736
180.144259
370.709455
305.984757
305.258874
288.059328
312.191545
406.235678
297.526345
144.787942
149.656214
168.037868
307.627004
332.725046
403.570438
354.033057
402.069917
315.00015
402.227566
286.47442
350.728026
340.824049
277.891959
376.352878
404.893979
211.170354
318.26934
388.962902
331.372184
350.78525
203.613426
215.476351
318.266657
240.646391
384.13097
343.348036
401.58891
308.808585
185.6089
306.329476
380.213627
349.188442
292.250901
341.543577
235.912384
227.374942
348.071175
201.276025
353.979997
295.206121
284.644017
304.127325
334.420757
279.948102
195.721821
260.011157
214.698732
207.271971
302.027324
256.450362
342.249923
273.674176
266.903615
205.68377
341.86324
371.450117
407.900892
394.882998
320.530057
133.912089
375.459126
203.597055
215.026287
149.819148
362.251831
304.38001
180.52564
323.772625
336.407386
321.977799
344.146408
378.258334
199.216157
394.694329
171.158479
370.090332
342.714073
214.384935
257.169235
217.739114
256.775467
391.889403
256.362467
351.90844
299.68866
192.860761
280.13247
247.286959
376.408031
287.915973
352.875442
335.038758
378.219772
305.914327
291.411862
285.160621
153.81743
201.321763
341.593583
343.565568
320.10663
270.65835
403.417143
405.066673
332.334701
353.318471
329.730975
395.558607
383.162017
297.107248
372.343052
237.64017
233.010472
251.113382
367.343945
278.876055
272.456361
309.700801
360.103474
278.816347
345.479157
332.918208
338.471395
340.451322
117.107832
242.44413
368.296201
247.613135
309.940887
297.118111
236.27874
389.315563
330.26652
315.459104
239.572322
360.496502
345.487598
383.773251
397.931714
396.296171
329.96498
230.78275
340.602877
340.598161
327.278388
286.146773
227.054095
208.70488
358.86871
216.724482
233.41807
157.95491
349.269809
333.909934
290.901578
403.118104
270.680557
356.901189
314.9851
252.521442
359.434083
199.79696
183.217376
271.545196
296.822744
396.113163
304.111445
397.881138
394.896884
395.703401
310.780244
302.733622
219.90311
346.892337
303.838754
337.204716
376.807801
361.061395
377.69981
333.517782
210.337546
307.745571
381.249482
383.583544
248.365059
382.469657
367.681759
297.098648
194.512614
282.769763
258.827285
306.201618
306.177851
389.117745
358.504879
296.714247
182.92926
393.381281
265.313442
304.463116
258.436198
229.875475
317.594907
123.06429
168.074928
230.260861
357.748328
344.791337
281.45587
204.517088
404.11563
254.173764
374.986806
318.423645
355.617977
344.663661
172.154226
383.140243
351.008272
306.098473
216.720796
332.625156
269.669549
401.024448
267.195692
371.920885
309.807109
399.418546
403.695464
380.526572
362.783507
318.867281
369.932902
143.006513
253.863866
246.207118
308.625966
343.926252
350.595527
228.045097
381.73676
269.996542
351.96405
155.653927
176.387485
337.088732
280.743804
324.447298
378.999109
293.076759
154.842529
216.185454
109.914359
380.621954
315.712277
379.219797
389.061216
159.989086
199.667687
319.464391
382.024653
377.380517
285.784758
217.287985
336.258113
214.279623
283.304196
319.91215
227.112184
356.130302
350.674435
366.934168
263.577144
317.73772
208.832379
201.740758
359.77871
255.348475
286.474705
316.585544
315.377056
116.870434
399.674535
292.237387
356.168781
404.727392
356.352377
317.83679
202.691674
343.011729
244.818424
263.814176
335.820708
197.291568
300.937346
364.346673
243.735755
262.867497
169.249076
342.645685
347.022449
317.515187
184.503484
384.872333
224.706858
259.008309
341.884115
401.990901
363.34428
337.479215
172.634166
370.283756
316.794668
323.075902
257.378543
294.700192
195.635986
337.460673
315.250386
313.740186
262.69358
349.134002
336.520262
368.040648
281.711039
299.489459
289.232431
228.926473
390.724232
409.023659
339.079916
358.083616
392.89216
356.127429
229.506083
335.283862
285.180155
352.178449
331.803165
319.848529
256.038435
205.360068
268.98673
221.202189
343.432882
333.352484
399.693113
224.15744
277.957533
355.433416
343.832462
205.719519
345.16839
331.088146
344.077893
289.005847
351.912229
260.914816
401.743018
323.412712
253.727429
337.489459
110.314182
363.223032
387.537167
195.878203
356.961221
368.899024
245.80875
196.259067
287.637565
383.756979
369.102721
277.047833
275.745366
373.270723
323.043098
365.70256
292.310828
372.24849
380.829033
353.053315
394.451063
200.347906
250.116435
391.638598
392.958914
313.790125
148.108959
210.94781
161.581052
368.661192
405.496808
319.94289
330.840102
325.348357
335.379497
274.753129
354.306949
321.68584
307.483421
323.532708
402.018582
319.728707
281.343969
280.188205
357.392244
276.640145
138.502902
354.510657
347.985053
193.32448
390.42581
159.667142
364.401927
201.03292
286.414047
288.345847
323.721237
344.830873
265.640558
315.602553
377.181885
354.196762
343.220389
148.431879
211.411433
334.805807
289.558283
243.464311
90.995828
323.859281
126.420782
285.887521
370.186668
239.872991
365.772136
258.037983
253.874222
258.102701
282.265519
398.942386
288.294011
333.951436
107.534685
390.140909
392.07072
328.373568
121.089572
174.323284
241.370158
389.093622
389.392869
401.151512
291.741608
378.406195
156.234542
333.819083
152.741362
331.247103
393.737722
296.079613
336.109153
293.199027
332.821524
231.880102
383.003811
261.122454
298.93944
312.922253
355.076876
406.926257
396.231999
310.788791
369.619313
322.803997
201.943379
221.439223
324.090526
289.015628
238.02646
263.503042
340.187374
379.992582
378.906816
393.951152
370.826999
355.587449
375.489109
338.88058
183.092601
377.875551
397.989898
276.742382
320.285271
282.698417
400.463315
341.041519
375.250268
282.027931
373.08061
293.447106
383.733718
353.842427
295.231556
181.742561
379.492988
202.048395
329.169403
278.350521
384.696093
353.333066
287.818452
124.979116
351.42304
340.792983
292.545036
396.735793
405.364962
370.180555
197.803802
258.695577
308.964978
137.853835
351.638339
164.953635
329.869589
226.559278
167.797577
296.077541
402.349685
302.620198
247.212865
286.927727
198.248879
172.136467
274.674867
350.455503
184.396536
262.109489
327.581799
313.36963
238.764244
347.956232
273.688275
260.196577
294.869832
311.526457
378.929271
393.254007
374.521007
185.892876
237.135957
159.706605
357.973985
305.402418
338.107758
300.726515
302.258137
329.712633
301.208524
332.090376
311.28549
350.148738
350.426935
371.542762
369.001625
331.656665
313.813503
174.6365
348.694629
264.253656
183.317198
354.948393
311.815005
323.345505
311.72036
394.672442
401.106837
334.390437
405.056557
375.19193
248.576112
249.246131
327.324094
119.018573
294.460701
396.826872
392.606101
271.97585
208.440628
330.684002
354.946097
393.010076
371.120457
259.731442
365.935238
237.975264
354.04466
362.030692
290.960518
306.042245
377.071878
366.209763
301.372518
399.964603
276.725366
364.968436
362.040041
305.317676
401.572138
301.433989
320.812199
213.300196
396.820846
328.404991
344.182442
268.374023
332.407684
279.784138
241.659447
216.305327
219.825195
368.122597
340.715266
156.158765
404.017557
218.372829
404.447046
247.894379
267.725708
218.70579
364.168717
303.505445
265.789411
153.235003
382.716178
364.028963
316.494837
273.330112
247.205644
289.107619
257.4313
281.831734
149.44637
351.74555
301.988351
327.766835
294.037456
405.2972
398.5606
267.844478
164.560041
212.811925
307.773781
318.986949
388.909677
403.426619
337.838107
161.162041
361.328841
311.397536
359.497941
404.950457
372.288903
257.902864
302.37298
290.043872
247.137239
305.617954
157.572002
342.878671
336.175879
211.024052
329.760915
362.938821
300.696416
405.943003
340.516121
243.826712
338.321874
368.962951
293.910646
277.158708
280.784292
338.570469
368.166984
401.667705
381.961424
334.366401
408.356499
90.180006
344.270384
367.482622
388.830893
376.181318
331.871125
275.873794
308.476839
298.387155
324.527569
274.469723
377.243475
352.640573
322.791737
353.466042
373.914375
403.77719
287.570035
369.819157
361.039623
357.631391
363.292971
352.639588
384.398778
404.494042
346.602484
388.844908
332.237226
173.464992
403.193238
407.509288
287.832619
369.199272
396.627298
303.351432
347.199327
328.101027
331.453207
298.273715
335.051767
230.632882
312.582591
344.161072
225.311427
406.769024
383.436237
209.478536
136.191912
303.922007
363.299913
217.554587
272.030283
171.07828
273.732772
331.787047
374.82007
316.33263
336.425517
244.196534
272.774143
365.345901
340.1966
299.391978
221.284164
388.339542
166.675555
319.376264
262.855192
372.191001
259.841614
380.32184
393.635974
284.200015
354.563149
357.944811
210.808766
346.683447
360.444689
345.210707
355.060771
253.880508
351.000504
350.117818
127.759355
239.281695
187.27406
388.357182
201.758181
355.131214
156.465566
319.020474
115.14205
360.449378
356.212316
325.219743
389.196057
200.186786
221.029665
409.315417
330.046881
223.201602
365.777291
393.527387
294.349451
348.023794
248.161258
316.01911
370.908491
284.339609
147.715606
314.531408
344.775408
229.468638
354.950204
373.171539
359.304233
347.276697
177.747697
324.097808
320.41309
227.900578
333.941078
276.157504
328.090204
331.691105
352.330244
383.359208
356.403861
341.775686
272.506627
308.10087
368.369998
305.29789
344.363807
207.247419
308.678134
278.276755
406.07258
212.976121
384.975621
135.715606
318.375867
393.170855
383.185798
312.619984
284.966138
231.608231
316.160813
248.936689
355.042664
226.692477
296.243864
394.697948
378.825518
298.509631
286.59905
270.783975
282.091344
329.248932
224.418777
261.651186
301.161935
359.182907
271.706178
202.016736
198.474473
258.774762
309.196189
217.69789
399.051495
394.950328
380.572248
111.682885
364.704641
346.251065
353.265266
358.938582
339.07806
393.678449
380.446783
254.825264
342.889617
362.192438
313.449039
258.768502
406.066885
237.107133
262.85117
251.41834
314.113502
317.33478
377.81301
384.94975
347.960371
290.53653
213.226171
349.477196
360.420771
216.1383
279.911731
383.574029
397.997451
300.444036
359.24558
248.16632
377.834803
293.291185
341.227316
378.351035
354.396687
279.756722
206.398332
324.617848
392.852484
260.301316
403.666709
353.177046
371.977082
189.006823
270.175982
326.996344
189.725013
348.880712
258.453806
236.429038
291.667315
341.813767
229.210186
364.394216
400.863666
257.708328
213.08842
388.786265
332.520188
325.43341
291.534691
308.965572
364.25728
391.125137
167.062595
369.14836
305.174365
199.532635
232.800632
365.118222
223.586269
378.810253
171.886415
394.299628
401.080991
380.63253
373.954223
365.707905
342.622633
398.809583
186.628999
387.865975
340.046534
258.672548
390.010709
348.618715
293.246758
185.7286
239.568106
272.831444
407.479888
270.098637
304.942913
291.209199
246.60824
325.624113
367.026068
265.040792
406.839007
323.716558
226.248687
339.35157
221.930983
357.737212
168.028139
234.904481
315.45496
297.133885
343.599822
347.158429
322.060041
344.112505
294.680052
262.493977
352.344032
364.21775
231.918661
225.279402
324.553191
272.398658
348.962662
340.723882
363.226255
247.045117
402.834301
321.95705
365.024619
400.829802
391.259028
273.08825
407.800904
383.801686
338.614833
249.568789
360.201768
407.673378
390.624982
385.037826
349.764041
299.633462
319.168619
399.566977
309.11983
389.859864
369.432213
234.461672
395.570039
372.697768
259.069441
319.685171
325.77287
259.077401
294.952284
335.433087
239.136828
355.671984
394.773942
384.992313
354.078844
240.401503
169.59337
362.102314
180.326326
263.928613
356.653529
169.350763
312.882417
287.811598
340.784996
208.804633
256.926845
289.787646
334.727533
272.731785
205.081498
394.628841
239.615552
138.40426
317.457895
243.539203
408.697432
352.887767
385.540285
325.377093
362.913514
347.406433
374.469344
387.643524
362.049106
228.112842
312.813874
373.479616
325.215216
162.25895
384.882132
140.126037
299.624604
276.791074
324.87891
323.015563
402.649094
253.29538
306.880719
286.49171
368.693215
250.419327
94.298396
310.18956
381.014122
350.59708
234.76107
394.604245
247.01948
362.069931
133.635761
324.644954
340.671437
340.784751
328.049542
341.199527
332.275446
377.039655
237.285702
403.031482
171.703986
312.947011
309.479056
382.703282
261.766978
225.730694
297.455977
305.678061
236.38036
332.813978
320.789521
168.095237
372.871166
357.664507
328.553336
177.465033
367.944646
351.841276
269.375751
394.987547
335.293498
339.190208
200.258282
256.064582
373.926975
355.124238
338.359143
270.968963
398.851853
243.361048
348.775688
304.862631
347.113985
329.136633
194.973908
262.14085
378.537453
289.200573
249.888362
346.4742
203.574045
326.252342
321.848005
350.59755
256.59552
335.524664
270.935815
350.282117
406.051474
157.12107
343.947859
348.502402
184.522122
132.640284
284.776616
190.46658
352.828192
340.143068
396.72616
336.912175
329.953799
261.199165
302.325253
346.990692
268.959036
210.292366
344.381321
370.20447
397.340998
185.491571
213.863862
332.819814
390.082822
388.18681
241.783797
363.163413
229.449665
346.555403
373.178521
305.730595
369.039106
266.038125
403.317775
295.841994
363.960246
231.504582
368.369413
245.370033
184.266109
287.851569
373.283899
373.907993
309.291045
337.735092
375.511996
377.632442
377.159026
367.254858
334.407823
269.554276
328.21949
338.627836
342.939114
327.782013
350.362239
276.418033
371.250071
239.337551
332.19167
393.35603
403.661727
278.673413
247.613215
209.87761
388.164117
275.083585
324.995241
220.879638
258.967758
348.725891
401.016324
361.584229
307.468809
264.088233
218.284415
408.962733
282.53345
287.370954
372.145018
302.770501
370.381668
365.370364
252.091661
289.33661
316.345886
344.455185
400.414159
222.362587
352.122113
192.592405
338.615584
403.869672
380.173819
270.174641
397.262196
323.870648
247.188369
314.129808
177.514757
315.990992
263.146154
328.712375
372.979086
397.897769
339.627779
355.781815
184.451612
396.402079
248.888547
332.059619
327.484922
279.131597
290.877153
368.712569
318.387704
382.810612
194.126206
298.931047
386.526899
251.251573
196.690005
353.211806
388.136199
193.875943
351.640852
213.779813
214.574411
325.807435
229.227415
180.808217
212.510017
299.303711
351.116539
294.688176
332.250875
330.873211
378.246114
395.568058
357.513879
275.733555
312.585809
345.01532
324.561467
207.017093
242.762363
343.599859
158.74956
308.935253
302.761003
405.748543
363.656176
283.5755
309.131261
188.095897
370.307181
255.931784
389.071165
375.24832
258.360855
287.190618
346.995486
235.035448
291.522569
392.010189
257.059705
407.1494
282.491284
388.474646
324.39654
311.648779
284.44567
396.433351
395.473096
235.968046
386.184006
363.846833
407.051867
304.128316
397.676278
341.973556
304.480334
279.181322
327.728122
359.717984
305.550063
387.444021
294.743055
306.933832
377.376399
333.319311
183.790735
398.91388
359.300861
315.11075
187.909263
290.460235
355.342781
283.175959
213.278997
299.748807
300.197746
330.167094
268.413297
282.997528
354.41881
158.262281
317.570223
265.762841
264.426213
253.514214
295.379869
381.615663
318.304703
287.369441
217.949053
299.427174
388.896219
354.263728
297.490531
270.437108
376.513948
384.044929
235.497541
260.63473
235.779051
203.980192
316.334016
375.033229
401.766694
257.661431
339.963907
308.47402
332.153047
275.551779
367.757555
358.231745
365.463567
130.673296
227.032387
372.495712
356.514753
250.410398
381.975485
370.148603
244.764451
374.032081
333.286122
248.963181
172.476828
329.062909
268.405337
195.394285
382.810297
288.429386
278.310557
325.220352
219.632551
401.095056
397.677893
296.963843
221.556395
366.60797
237.420002
333.447844
276.648374
368.783927
376.923726
277.925855
250.614596
349.414518
339.039885
379.828107
332.527394
270.904173
241.263049
292.135263
399.832748
286.503155
346.594273
399.940224
215.998907
387.828801
316.505542
403.530227
230.216226
311.163972
358.175862
397.008217
337.324404
382.40685
220.14897
323.797736
332.467629
369.327195
355.186346
195.638858
248.269752
203.941382
217.493836
359.333781
315.668645
282.886816
335.524402
237.691345
329.77826
137.170276
260.974105
287.228454
287.17845
403.085682
308.486562
397.901784
373.33964
309.849685
366.013667
255.023387
351.416351
131.284532
333.513839
298.42423
275.928419
406.981309
362.155127
273.871044
227.88257
132.266714
336.575138
262.837703
392.775959
360.230404
383.711899
372.003007
330.54769
330.445983
310.782706
295.961526
340.273621
349.223823
315.860282
392.595605
230.668843
132.898704
344.555054
360.118111
231.739308
331.986264
281.217029
377.529313
303.542831
358.262936
324.48104
266.645046
395.975612
361.537762
268.421289
312.776298
169.701924
381.896373
242.616541
247.597075
334.894031
393.020155
250.307977
370.384579
400.680765
223.944743
396.967046
354.528936
291.29297
339.051375
373.0253
322.562483
121.749742
383.534928
176.281883
248.577839
257.473654
369.214168
307.854488
346.334769
246.324144
309.077252
362.17112
365.979358
308.904952
407.630164
331.14028
237.45247
349.135284
340.346113
351.422453
386.978871
332.443066
301.505457
215.662811
202.824906
340.986796
312.759143
131.283501
202.761185
384.556337
398.590196
402.734977
156.416883
358.356024
364.641232
244.151161
334.944362
243.417537
291.239139
373.878055
255.80377
312.109276
289.398588
287.183688
406.814119
281.909394
210.418843
332.864223
386.26211
322.779797
258.253108
319.870391
210.257005
213.609774
255.939955
324.409498
341.698145
327.955488
198.706414
403.121966
305.215192
312.489055
384.655685
377.479705
364.430157
253.266188
325.433116
359.355402
142.580881
346.315038
181.521627
256.752844
360.452422
199.996099
298.911237
354.842842
354.204127
381.848337
394.482531
294.254632
329.247764
226.923093
391.938552
135.506617
252.478209
337.465522
140.172133
317.75601
348.57821
313.560411
298.473083
278.231717
379.193347
326.156758
405.471024
182.500646
397.246641
333.344857
324.082232
334.414126
214.102125
264.676948
315.946658
387.209586
404.767466
336.240652
235.413561
377.455978
376.582544
384.222137
243.667244
107.683294
256.211661
405.562128
119.521089
217.451027
305.993635
282.458178
380.914487
389.091348
342.793354
245.378736
307.263297
248.932593
170.531279
348.621767
390.548478
313.243905
409.17357
354.43043
399.31811
357.691648
368.173793
326.792641
381.877936
394.421387
389.955872
240.990888
227.691129
382.885119
210.724092
328.246978
204.413061
295.307733
340.601623
305.364738
356.529201
314.745995
299.958338
324.039891
260.637647
363.095036
406.485352
370.515128
380.844746
394.768328
326.147055
347.2335
294.932973
361.53606
335.426427
354.292397
301.818181
318.106616
345.913531
280.61218
358.838632
287.465493
288.612677
305.424959
303.554642
226.928197
367.696672
362.925007
251.52799
295.603775
378.852879
139.994798
373.812412
385.483825
375.520284
135.702208
238.37969
307.673876
220.234345
297.250756
305.033689
404.916363
276.776057
170.066718
299.609112
243.3574
365.03043
318.260715
272.123039
362.768632
179.961101
165.346217
351.888509
380.324657
248.080684
155.457431
223.303926
110.939376
343.382326
336.446395
296.564428
333.64614
282.650503
225.691546
165.641521
259.895887
326.935343
272.947071
316.451281
342.986289
340.328465
212.452566
256.927333
359.664295
376.276168
323.766052
232.529228
249.866262
290.097756
343.564528
378.345202
245.890169
348.886203
239.605541
247.323182
322.961685
407.561597
382.986406
372.592522
209.994161
259.771611
167.884554
344.309179
365.865788
310.0744
297.661729
407.378486
360.310178
209.331783
371.249984
323.298308
343.529525
265.875029
393.918494
341.212053
380.602506
263.533536
242.363804
400.123163
255.01482
289.764531
228.831356
306.824539
344.203088
361.964471
372.485329
355.420752
287.637336
331.090546
328.083201
368.965933
388.200771
295.25352
364.872013
174.716062
356.552829
377.956887
324.745281
358.555094
327.80249
370.476006
292.071189
307.575539
291.978544
388.132005
376.909106
379.018844
304.329844
385.529514
380.575931
272.927317
103.777586
326.010341
289.886925
302.742305
373.143904
354.205948
388.386536
338.251497
319.034181
178.030462
140.832328
388.972504
381.779093
371.485273
335.732237
321.103612
338.763929
387.599151
312.511581
347.779299
297.835399
367.774409
334.662979
245.591632
379.963717
370.846282
401.516288
264.970278
344.594406
400.107776
403.766517
201.895233
237.072123
351.731428
287.644602
244.894765
308.911134
330.979681
307.237227
339.522227
118.374353
406.039081
361.04788
313.567976
292.48286
180.559502
305.678451
298.165781
176.114631
360.759502
360.948882
196.725873
253.655512
187.357471
398.887846
133.719854
114.623401
396.064726
324.449421
329.482141
366.083045
353.84208
322.839893
325.269551
371.506954
279.105253
342.851965
402.906952
350.688306
341.796585
293.139985
266.254459
246.349895
307.364602
339.835997
311.10857
291.259106
394.815142
317.217454
229.017386
351.128535
282.204581
373.639181
294.784446
190.893086
165.843483
393.931811
369.615609
385.96461
306.172019
330.402652
340.674512
388.007037
339.720557
352.530499
217.911013
161.665477
192.36745
235.763835
375.373243
219.300401
241.587176
308.153445
217.085557
196.708103
286.37496
355.080519
257.529267
381.838658
401.303192
223.494227
196.14418
212.535993
284.529263
376.745417
378.583732
345.52484
274.030467
148.709264
357.697135
320.489634
374.795941
401.627638
380.343353
257.089192
340.291814
349.104114
350.99968
301.182964
270.164211
232.630611
303.456103
290.572118
350.845804
357.340589
283.08559
407.327282
249.905039
192.530195
376.06958
362.995425
397.326534
324.19447
384.852495
390.73312
330.956192
280.347821
345.207224
172.33536
352.953196
356.834659
326.302434
376.70144
291.22559
361.191376
286.050205
402.231479
306.503633
245.792126
304.432249
387.638155
108.117044
225.575462
123.52147
384.27894
382.942665
180.197694
315.946959
334.273599
279.534431
151.618728
409.353002
251.54712
189.410426
378.623868
392.913424
307.537594
269.809104
361.77666
298.967428
402.511961
326.527936
173.310362
379.459384
291.928908
402.376455
264.735526
302.754937
405.820248
380.339438
321.638093
218.714126
373.996886
345.138139
381.924678
341.802017
235.069302
288.48478
367.328375
110.221668
376.492331
405.352148
314.677865
391.458807
370.869304
339.869214
177.250781
293.74216
333.073518
325.309544
270.695777
344.959321
389.28676
246.241812
397.988714
318.873597
177.646373
402.607949
266.405893
381.570213
372.199651
398.046186
361.064917
388.34859
292.709361
387.817021
383.353538
186.882499
300.551941
136.609905
257.583473
327.199115
351.739888
299.43613
219.197629
364.208028
354.508981
364.675649
407.514508
376.336761
309.812598
377.155641
238.579716
257.383842
318.751163
293.882819
208.707579
274.989803
406.501692
190.925806
350.32766
380.515819
252.077765
262.951618
396.429508
263.149302
407.231989
381.051763
403.239575
194.584129
395.044623
341.003517
342.473583
223.133366
240.051011
288.627454
289.63571
299.374128
364.753683
279.078172
232.103756
385.721696
295.26769
315.203914
382.498113
205.480623
253.090788
281.333135
381.64726
403.027173
337.33968
378.653979
178.729349
203.336554
149.528671
272.644465
253.91373
347.233586
316.14483
252.182305
271.067311
315.025463
405.941296
200.920635
322.302854
113.709202
318.41315
401.144363
302.609179
190.808749
338.911126
382.508985
398.040211
288.979361
308.652005
339.752145
205.837574
329.38127
382.475954
305.278983
298.783321
220.374323
332.223263
327.512343
299.869553
142.813111
185.266591
258.248237
358.690736
364.336984
405.258985
256.334991
370.618752
281.809035
362.889307
380.978367
312.533388
361.287576
297.234093
397.159137
307.062084
336.193095
271.905674
271.847288
363.771366
298.801087
162.519633
285.782179
341.684805
359.657272
219.232937
245.235074
294.105891
362.540519
289.500431
181.134295
298.501628
373.819456
280.715528
255.749262
327.00037
349.237363
346.254557
193.417096
316.813564
221.706201
363.761453
391.457612
152.19822
352.724013
301.521476
403.613803
403.31632
214.186123
383.146815
405.36644
397.481311
307.858847
293.311634
174.796023
259.161596
312.672879
348.483779
237.207781
270.645532
386.388685
167.059532
308.94687
249.170163
250.551847
353.414588
272.817692
136.48137
358.902905
331.186554
219.751221
347.691834
327.30603
340.41913
251.536128
399.125941
256.821256
351.309024
372.549993
159.796946
386.741248
304.10333
234.172857
321.833329
162.42121
280.897829
368.549852
323.347681
271.925681
372.380244
339.982035
125.843615
317.81161
208.252894
329.235968
275.380614
210.020085
310.458907
377.842251
312.93214
244.331434
351.743472
294.123618
307.399273
194.42409
237.036155
364.082015
382.258761
389.009294
273.9849
366.404672
310.828316
332.421049
301.944702
289.586664
221.059384
349.264771
301.47601
284.487129
324.718833
221.845281
373.459379
356.944087
286.531546
347.52932
195.834855
327.759
362.212769
396.210675
347.175578
371.443593
294.081445
350.758362
281.327312
399.503273
224.3217
245.068242
369.570435
195.156236
342.682244
146.914703
327.274994
374.66307
405.922367
170.990527
342.395638
368.696762
153.32175
322.730899
334.348831
303.889765
241.970565
214.589609
262.150494
272.848121
267.52503
252.205585
354.432298
406.825537
327.407876
253.507758
335.827625
380.981863
384.151989
368.800182
329.552759
360.560725
286.709962
393.537483
280.394516
207.069452
210.635446
211.829854
311.701598
342.712587
338.165181
385.415781
407.796571
365.522985
241.609363
326.973221
303.721535
296.097266
340.541369
229.886718
352.874842
388.286957
357.797359
401.241391
363.838675
311.27351
321.721354
251.965955
365.017852
237.157609
168.228912
335.708016
226.557464
282.567188
401.562165
349.639981
208.876591
355.040858
295.021845
329.662635
304.269281
397.142913
226.53338
324.11112
352.067623
317.67498
257.327808
134.460557
394.161005
346.700646
387.357451
326.057282
376.629402
364.102786
334.463021
348.435705
321.224604
160.556765
265.762269
217.485397
312.035808
318.503667
385.694713
344.278323
404.2649
393.853323
319.302456
295.828287
226.056166
388.114535
389.561649
203.434296
403.270686
353.893247
374.963934
204.774201
312.524867
304.302874
221.246376
395.709927
251.459503
239.504269
197.601007
342.451098
336.196316
301.836972
323.266124
360.554487
388.245701
391.552888
146.421785
308.200807
389.625389
289.832919
360.243058
383.700474
302.617384
206.535117
211.583987
390.086335
169.691889
186.970097
368.373073
294.716042
373.416481
407.160356
175.27177
333.459372
348.09669
375.856456
371.361964
161.729103
109.481522
401.384636
302.743583
349.608925
298.419322
249.521325
335.370444
342.66124
288.573345
337.979711
167.170003
301.8245
326.946895
386.579881
250.19663
374.712865
229.969257
254.266718
347.602468
405.279828
335.56705
179.980697
243.597355
297.764697
268.046533
236.472395
257.493911
328.863904
237.597032
226.094304
212.87589
230.481515
227.529711
317.716591
216.97221
349.387837
281.22555
246.125484
219.503125
328.556149
235.884246
246.262923
378.630695
214.178465
332.908225
383.54037
270.896738
232.144651
403.763579
398.219154
310.427985
251.427877
357.318163
354.210088
367.700314
401.399998
325.212066
225.375334
172.807619
382.565285
347.201794
248.894692
312.060522
280.488487
382.052912
254.483262
358.480958
398.082706
151.900845
170.982745
328.934062
225.654553
345.104271
373.015364
345.283719
303.873428
329.272664
307.316384
199.42602
156.812915
372.308873
328.875136
226.931359
352.322985
262.357602
352.359236
363.305127
353.139817
223.097821
136.968715
278.91782
289.229015
298.562171
376.117217
382.926675
398.802934
247.769797
329.438355
375.64895
321.531412
355.255295
280.933932
348.529844
168.894805
309.88473
198.149142
206.964832
156.456543
342.613578
338.385659
169.241932
252.87134
187.612611
223.228935
145.17675
368.517124
226.645521
318.948887
314.451862
221.161826
328.768665
330.653142
180.847148
305.39635
290.279204
205.264047
325.237426
294.095353
403.708566
260.778164
379.295908
282.400474
397.114889
358.202522
377.687895
200.549571
377.00981
324.518002
346.777203
316.531337
136.563263
318.439452
291.841134
340.261645
360.908624
365.911442
255.180967
194.387521
344.431078
375.069968
140.120774
287.26951
312.011087
272.237366
276.654023
311.016055
334.807317
392.992934
294.58376
346.427793
403.104171
360.344655
244.821087
194.952184
256.421669
267.669433
232.165029
259.961788
269.714504
336.253825
234.918952
379.656023
348.55915
359.814181
359.93553
271.010983
340.920616
370.065045
218.064473
355.663294
360.559689
347.107531
133.784404
348.479497
247.100782
400.203001
197.385054
343.081605
394.11538
225.253751
281.233523
372.360721
382.541577
398.854883
261.91794
359.95665
320.502889
357.001245
400.272
352.028695
366.767451
326.550092
228.897134
398.460987
292.406437
236.488235
349.381571
405.002591
365.375938
385.904304
292.723494
290.459774
261.564325
406.050523
283.879781
394.138127
176.493135
208.843936
258.355976
356.869976
367.588063
310.322829
402.445565
201.378061
316.098877
368.843271
291.400375
198.247745
298.431825
288.569607
391.298574
223.576316
251.45532
379.374983
182.386364
362.427215
360.285423
301.070568
395.184594
383.39211
271.150182
357.406104
386.298038
368.268488
208.641172
288.655751
222.084238
250.709404
371.213667
339.386727
189.455789
339.316357
195.407525
353.455707
367.749015
289.896322
363.704045
350.397143
347.422496
264.274016
303.283967
387.962027
326.554222
324.641126
317.628198
332.648112
213.514498
374.358286
353.906595
225.465862
345.625008
204.444014
310.192126
230.181311
329.03609
202.746879
256.892324
350.05169
207.321086
201.493123
207.341887
219.481056
366.499742
387.682908
373.155605
407.250307
237.734615
302.869011
369.383499
381.972706
358.981684
259.051152
395.031223
379.444102
352.813962
323.946533
299.563825
274.040609
352.048243
198.098251
267.384063
284.660481
349.232504
383.468564
393.804905
337.48685
305.57057
348.270808
390.054099
366.052435
285.31506
397.468634
366.990098
345.658534
328.671913
374.46953
331.924154
193.714944
362.788909
267.478339
323.043656
388.326313
333.893415
299.118735
374.32719
380.24094
398.254293
325.448786
168.204053
211.880531
323.495565
227.749521
374.531338
405.175182
379.84355
324.155381
323.458736
376.707211
372.545395
264.086055
277.695693
325.1894
226.424656
397.123308
238.736943
390.970769
391.078131
284.286228
353.299647
400.184677
272.400495
404.239161
192.222302
307.967487
331.013316
350.346078
333.787505
211.020915
403.282451
383.31327
255.061917
214.92357
192.481129
336.682474
327.426339
377.913983
360.308236
249.124673
165.753365
392.837064
279.495479
401.118862
136.85937
389.773919
383.007499
370.340351
304.047111
244.293176
377.892133
357.39139
400.924944
329.900406
318.287463
307.103099
218.554476
210.63983
248.332396
396.995367
295.534109
357.380376
334.553711
372.222957
357.493923
219.093834
379.376571
214.131077
238.914805
311.982773
371.89556
239.892383
204.800943
304.216898
244.748904
236.026193
365.924238
369.653267
192.594225
304.731907
360.229997
381.239613
343.031736
394.056733
178.054072
297.294479
196.009321
366.909069
175.07142
396.403
386.842453
217.079328
291.761996
342.613992
274.910851
189.760717
246.133402
327.826297
289.80611
340.352505
192.09116
381.540761
338.794374
380.826151
401.739641
333.54771
157.041706
331.248821
334.117358
393.154089
375.487775
317.953637
328.782888
373.083581
374.623536
366.694603
407.079806
335.49612
340.608619
375.046302
250.891655
329.613299
259.892406
317.993996
403.07268
309.653203
362.073435
163.660276
235.111512
282.552573
309.088067
271.926349
283.427088
286.645311
336.402602
301.088167
334.520498
257.686514
401.848538
354.130957
339.317215
268.456054
371.953406
153.368448
402.033124
334.7763
144.906409
209.488435
313.704625
329.361589
335.418356
286.092445
338.618716
335.874598
353.870514
393.240328
192.831673
404.873713
386.933052
264.114888
343.893239
237.800737
337.72707
395.783994
257.050679
238.383044
382.044032
262.559895
249.483511
317.298932
351.425727
403.609533
395.154896
370.566295
350.237706
190.129143
287.829407
216.325553
353.096581
370.12684
397.163987
380.96557
267.031189
173.614441
395.258037
222.148979
333.697585
129.986408
368.733066
397.378544
338.330188
248.630261
211.927876
302.139715
232.671987
173.256106
356.904159
345.918472
297.477153
351.917087
346.725273
140.055276
391.432458
382.304081
344.829546
224.608478
301.03306
278.349497
338.536013
331.108757
234.224089
337.590871
282.502839
338.314067
238.881076
264.457567
351.305476
201.555954
191.00658
299.463558
262.614963
351.286171
405.155216
376.531993
402.775629
392.212652
333.748491
286.850176
370.648244
287.299501
388.443498
295.814165
343.058607
396.117174
221.581905
405.879071
224.356377
354.574775
390.629315
322.000925
306.165185
207.391247
395.320864
229.733171
282.785578
389.840436
383.287298
158.843069
242.966603
402.092118
346.819699
371.730485
246.887595
269.834
188.01967
212.475509
379.368943
162.997164
267.327602
306.281864
217.708907
394.711274
285.51673
333.355851
152.174502
375.277712
341.849084
186.193916
206.353569
362.373779
398.67273
183.683369
348.601385
102.015302
333.896865
336.589289
373.671457
279.930938
199.425606
242.582259
398.855679
212.398127
263.444427
343.394903
303.841003
291.244353
347.45863
324.400645
305.73884
403.108987
300.191926
357.516457
405.217064
354.172823
310.220847
341.573347
264.074613
287.305371
380.343613
320.465136
315.065227
219.514452
290.547392
404.704642
258.864639
336.352093
243.461771
284.565374
386.291873
200.515936
287.161784
371.688331
242.135968
167.207775
307.484323
138.38743
331.704457
312.466405
139.278526
317.728344
346.935077
317.86372
259.557946
399.230925
345.832079
351.561876
226.398446
326.298053
254.717731
237.781684
380.077753
320.699451
242.779906
238.775458
324.358235
357.514839
318.286914
379.597807
388.495902
364.729699
294.838244
369.901421
201.692492
314.163235
241.348907
248.218748
248.605959
344.17506
362.477868
230.403216
397.944033
403.924598
312.146399
291.587924
401.378117
361.079714
334.403075
323.537973
234.795391
397.038508
347.983163
305.692473
199.459292
361.92627
300.301979
338.260383
238.589054
299.414101
218.239229
240.255901
236.699889
241.512728
200.630907
293.097714
268.184781
313.953086
332.831208
351.942454
304.24274
299.744704
288.239427
390.774386
295.870061
391.543981
356.182202
355.44693
137.320274
223.597963
345.773198
368.218835
255.088407
332.244617
230.569826
280.527992
407.909442
341.482302
276.362631
334.451655
376.104503
327.345004
382.535114
390.067256
198.958459
230.60935
349.751785
220.106068
168.113992
296.039685
350.542867
283.469838
400.852471
265.77591
372.758489
355.439905
354.66726
252.218332
395.324062
371.586293
365.616936
394.755544
389.661006
310.584074
228.284453
183.224259
253.748887
365.718269
353.579368
406.416372
376.21803
255.453213
308.219582
321.989922
372.545002
331.559061
291.872733
385.930384
269.776779
342.986155
369.621773
364.97126
337.488846
387.471899
189.460479
303.372238
291.442004
330.703709
260.089104
402.856009
312.627999
332.024663
325.721322
277.329927
281.767484
266.636273
133.929684
365.556488
384.640129
405.915979
370.049888
351.000392
259.958839
217.818076
373.317502
336.581468
333.315304
268.301244
362.682696
303.828708
210.009748
350.367305
279.593448
249.860318
218.306252
266.305337
122.427864
252.885806
338.550933
305.724325
334.930756
283.071403
208.184202
403.130501
306.464448
196.462912
351.52546
386.074777
359.624913
296.154765
314.733284
366.489373
397.685757
400.165724
311.251131
284.039599
405.132942
220.660374
258.682733
290.401372
210.109454
159.288595
348.227396
219.796017
408.831295
295.264397
244.652703
311.739222
364.65674
384.868269
211.097315
356.043255
292.950155
268.221239
407.679852
408.065094
281.819033
395.588285
355.3217
226.680258
260.433479
373.064013
311.711045
312.233197
319.702547
370.696912
304.044524
238.737962
345.121353
226.904275
336.57747
407.596124
191.359213
329.901748
401.427688
337.206212
297.645875
307.037115
220.904546
342.632147
265.422834
369.921832
274.465692
252.163371
279.345955
350.384119
376.419378
169.708192
237.354336
371.71016
378.862566
354.393235
286.290023
384.664792
353.627995
359.16311
305.528415
243.496963
311.711197
364.9117
296.331709
346.715111
389.415692
344.14206
338.099271
221.10706
324.076554
312.694911
205.096949
385.34568
337.886792
250.189537
371.452477
264.070036
315.038686
398.733406
310.580764
311.839449
405.277501
390.437161
305.411214
302.121478
258.994041
365.350141
165.844829
300.114924
275.114293
384.922771
295.398954
270.703543
221.628989
268.130107
302.637731
292.965417
230.190341
262.177266
154.323772
290.534869
372.323909
362.105694
304.018932
371.916676
353.730836
354.058328
328.102328
230.314755
396.461705
305.018759
249.874147
254.484229
390.584282
265.259718
307.659047
266.792161
178.985589
405.580819
232.114544
336.357644
173.764032
255.634768
344.132529
264.973135
269.26063
372.251679
259.763245
275.157635
403.998113
203.817651
330.957749
289.499042
373.619478
329.106627
210.378037
208.985276
323.192449
407.810395
278.163413
279.178968
384.443799
339.368531
283.002982
385.084928
399.695423
119.736154
378.263294
125.567773
344.261962
339.606348
332.338392
287.01004
282.616375
289.919109
250.582521
361.292687
329.223575
357.487381
382.844919
387.880297
288.189714
295.414586
359.973136
262.239592
192.358737
385.811778
192.271338
407.733702
342.458711
366.126679
328.621161
294.566258
345.827386
377.124827
324.994289
285.586697
383.890246
226.096402
400.373828
291.748658
276.649217
329.33537
238.709215
335.902361
319.695849
409.088325
380.712336
391.827282
326.174018
333.834115
334.105834
290.913391
388.830641
373.230171
277.633365
309.373952
388.140571
316.663332
376.32818
283.868962
357.330656
340.781779
333.724937
332.996153
279.774037
211.413775
347.844688
340.290584
196.037268
305.304769
375.477087
239.991027
404.650958
262.965469
235.114573
368.045796
330.764218
240.075141
314.609532
384.905053
382.253109
227.878759
351.964806
379.780678
403.121064
295.875732
330.844134
301.639672
355.171504
376.967465
279.025664
324.842692
338.67312
383.584043
371.144282
292.474192
271.911398
97.732763
366.664683
173.855274
347.448722
360.818762
353.625325
298.184621
373.600654
302.553016
331.630477
262.765762
405.307164
339.139135
388.022146
321.126735
192.185842
174.775041
243.155552
405.487927
197.04974
282.938396
242.55606
376.881716
156.145259
357.589434
386.957752
407.881311
370.590735
352.690994
256.441483
315.254001
312.632603
324.607216
374.425823
334.932347
346.152038
177.806434
390.776675
329.976732
254.958265
241.750763
201.559197
332.531087
397.876384
199.409781
394.423435
210.267619
329.010085
171.463387
343.654433
287.086252
321.301441
323.742953
169.789129
388.979667
286.001648
372.936294
351.637035
392.917906
367.238583
339.485571
200.92546
255.29424
271.583269
351.934996
266.278779
125.335802
358.454523
384.790643
202.53158
351.974193
272.16308
369.467205
290.678522
215.282759
222.863663
370.318895
256.015108
357.028697
338.292049
352.44365
303.487883
367.618554
268.043765
305.630026
314.045918
330.924506
343.240159
392.177186
356.062867
362.090693
307.385012
356.640523
319.611622
253.870237
277.687011
364.63338
307.032187
142.586739
295.625701
198.965188
258.415214
399.798837
265.624419
360.01731
340.646365
295.102912
263.812396
348.586669
270.222856
243.827499
278.030536
214.310085
200.692928
382.029437
379.55048
253.923509
322.175702
311.473677
357.410177
238.798171
348.34259
221.31638
368.593674
205.035283
263.864159
203.720345
349.436392
381.95541
249.537725
277.278535
317.670983
289.581379
246.412324
299.585027
257.854844
314.139987
265.303639
388.415207
375.645626
277.598536
208.249318
321.384353
377.298262
173.607849
156.165619
163.445932
360.707255
234.268044
287.083834
311.807162
333.625192
145.467164
320.430378
291.572097
172.762538
331.80782
399.928801
384.764383
276.427101
387.22249
390.386554
348.191084
301.639288
371.974162
292.133339
266.171489
392.755709
375.144927
327.312417
255.400056
366.966475
319.889975
303.936443
371.188094
217.374953
222.782462
213.320315
229.309997
281.374832
386.999326
246.664252
219.32133
287.759934
381.003381
191.214581
213.810878
290.768355
301.719074
319.402952
359.840625
391.815423
249.543077
305.141428
249.312802
308.026439
338.613675
386.736184
181.841365
314.625148
242.706821
389.664044
230.602169
364.649882
361.683015
234.334885
164.340981
354.628813
352.257354
353.535117
339.325574
379.490233
336.568505
255.178808
286.304856
362.912987
344.296912
337.985324
379.820497
259.12491
259.213276
382.793166
399.52659
364.832238
152.978005
275.568965
390.175988
392.317368
275.971712
320.338384
355.937565
317.39396
287.077918
363.659991
282.191364
360.786026
243.337709
236.818984
362.296347
118.733238
386.859363
300.544177
349.16067
396.744735
342.839113
309.128043
269.033686
369.593144
344.97337
269.341793
292.291765
247.416911
311.138704
247.488896
171.889937
298.836292
358.672373
272.659706
340.917824
355.419221
312.11749
363.272138
303.675741
334.494389
308.491312
205.483976
396.220596
329.673019
367.404067
170.376865
328.843838
385.657933
362.525231
286.276199
150.687276
362.072552
306.945569
294.822797
378.035871
229.583013
264.070844
379.853403
364.676349
201.637678
299.473383
282.167826
358.704911
335.228774
334.75511
274.427346
401.496344
346.112625
349.105292
262.93994
264.792974
361.557675
302.208509
330.312083
356.082285
214.651121
398.904895
233.639611
266.096849
402.300161
399.46911
215.345736
244.105518
327.200539
403.040458
255.254573
364.532487
195.620043
400.442754
133.436094
136.618671
344.926467
287.666007
302.565697
381.556533
314.075347
280.864728
240.177489
323.052445
383.376422
229.297131
272.04608
331.251585
390.530969
333.616358
274.228224
352.340731
357.30243
199.668265
363.3264
294.026255
285.521481
241.142031
261.878749
274.508984
346.61538
184.491184
324.785956
335.750608
293.870638
315.486417
357.746759
256.236774
358.550056
299.507901
339.830544
368.525119
377.709531
265.879104
390.753308
313.612575
387.984309
305.027827
245.418558
369.131613
266.906413
373.324275
382.864142
235.85624
294.43627
123.570222
134.725176
296.29311
296.328222
270.3293
333.796754
376.050851
327.706134
398.040166
135.880248
367.274757
387.857707
398.457126
312.057282
246.116628
326.31359
381.644011
287.603954
278.275557
363.082347
375.025046
285.693685
238.177547
406.64868
115.883575
348.298793
392.980597
397.782004
276.911449
366.854434
312.772563
236.90837
284.383623
346.245737
358.420966
344.830414
379.892843
244.828772
372.461968
396.960211
229.681369
333.021337
246.527513
335.610614
306.124448
214.66029
354.331709
324.981846
356.786755
298.066186
151.580283
335.744477
293.095004
252.0638
246.774741
407.141526
286.203742
179.817198
285.392217
310.148258
407.155457
340.684668
340.572303
383.246626
379.307763
395.987868
326.701946
260.53356
268.931203
397.107613
398.910453
325.032753
377.160231
275.71704
223.067039
342.540565
336.391303
179.154196
299.972572
178.987593
324.438143
356.687711
395.957826
290.369778
368.183376
374.892631
287.757962
254.64956
116.754777
178.108055
371.742777
248.146612
227.388308
320.197846
381.356541
255.677976
351.674258
353.495509
237.335592
380.667908
247.353265
199.675078
147.203061
352.447699
356.320656
330.381897
347.70508
364.378539
394.984101
356.511934
260.567326
381.683076
185.686678
207.739687
315.722082
338.069948
258.954598
219.589896
283.414646
166.607581
302.990235
333.163501
254.557713
239.934635
314.021178
332.755113
406.873276
351.253037
280.048295
343.188491
320.316823
348.357347
357.089279
208.435164
212.52426
387.806581
312.275936
280.690847
241.341845
249.670083
323.934366
377.953708
398.672723
251.210395
250.477491
400.085994
303.925426
297.897794
300.601975
213.627512
252.81648
307.05729
365.040567
381.576628
389.841859
323.755509
264.111157
355.457696
267.300922
301.345772
392.442593
309.323875
357.877874
366.647006
273.947689
259.08339
210.503425
399.459069
243.912337
323.901274
259.219213
289.1603
351.261641
233.838283
181.055108
404.67803
255.333448
255.429559
227.874842
211.070572
224.109362
328.008113
379.926776
335.203033
288.721915
352.710788
347.910435
375.540861
344.274821
330.409425
292.514553
323.895675
297.226388
376.555948
131.658286
217.498059
268.246328
392.361703
348.210598
196.625641
345.428291
170.517565
317.708138
383.968918
149.58989
371.712753
204.788028
390.178643
306.571176
382.38235
193.830802
295.741171
393.70755
346.820106
243.324837
266.095719
213.187408
338.424707
400.246945
383.737587
205.166017
329.130876
390.950166
319.929493
205.024004
258.750155
399.819659
360.528234
393.872147
292.143684
153.691402
284.294052
385.378883
355.234239
328.423045
309.985479
240.529677
398.146494
153.08922
376.064823
287.54306
245.546969
327.899597
242.124715
387.396133
165.05095
359.730948
320.794153
340.743556
188.219098
382.116086
298.156242
276.047109
278.901263
395.98474
230.047252
387.845989
405.699345
337.456976
158.891167
280.645684
371.221527
354.586967
366.050057
300.03602
310.78199
260.435482
237.478191
256.869509
248.724775
339.474654
290.337439
267.077054
342.671058
296.565896
179.995
200.582375
238.770685
332.037065
213.467624
284.635013
370.21979
384.837786
228.360617
332.139519
402.57057
334.300602
283.793363
224.338029
399.670542
324.93397
256.249331
290.902336
264.448191
296.52375
334.753097
289.503475
311.3751
293.57932
295.459162
392.838687
134.277503
330.334752
198.42798
407.869668
319.441402
359.13682
215.047582
385.05396
122.297226
229.395825
346.797936
276.035065
385.197629
378.011898
356.779306
351.312872
361.884777
339.781562
101.836583
256.575463
296.215035
285.020804
309.602551
193.822184
294.915345
122.256063
318.429582
233.125181
389.366282
225.976647
285.460436
173.764386
215.404014
269.04944
275.226104
378.324556
236.139987
275.398984
364.642487
313.353616
268.685147
185.425723
306.515796
247.643488
310.17966
406.013965
205.403112
191.825231
291.299658
350.089941
376.75901
319.098061
322.935553
344.065642
303.610806
335.49965
311.648338
400.935824
238.990991
405.829829
350.625569
358.451781
311.293583
211.783379
380.566246
373.088
345.807784
376.932303
302.98725
329.735405
241.421932
357.368254
204.538848
387.85121
258.192708
320.402351
339.94741
168.694508
244.320033
348.581703
237.856489
147.91786
383.73191
331.493631
393.417796
366.666019
262.464354
190.737679
201.956877
303.741981
273.503166
226.610688
366.920972
345.86307
307.937185
237.033928
243.47272
293.07962
337.919366
341.758719
369.488237
208.454688
252.152413
384.04818
203.050504
200.059118
308.889777
318.86114
390.808953
345.831405
354.41168
349.505252
297.0018
381.323331
402.97261
370.134377
257.474142
238.968654
405.199898
292.049018
370.984277
371.084788
349.823502
321.727988
396.321544
354.248234
301.681838
252.886707
149.913013
367.226046
326.71933
260.532393
244.873635
402.949585
341.205783
335.789351
374.864138
319.520234
377.820705
241.553147
268.432503
285.730361
364.470427
300.93269
306.374436
180.018115
261.335779
387.754738
289.451224
305.680395
364.600049
398.799518
379.025064
289.424333
387.354152
373.210788
303.400322
322.538676
315.709576
235.42355
288.352027
329.660903
211.455421
329.447473
381.611184
284.464084
231.84741
281.881218
266.408962
285.886878
222.488621
297.095998
327.046708
404.848925
276.220857
228.4302
220.306307
197.226249
304.335638
301.902097
305.745684
178.638627
245.143936
334.811302
402.399504
402.302082
316.092604
239.91717
378.422414
309.19328
275.832629
141.979286
371.149117
350.927657
265.627476
386.427135
336.01684
399.023245
319.956928
224.077322
394.578518
240.328757
375.221221
389.213802
360.662562
195.725863
173.227614
310.671804
392.710175
318.641816
408.060101
254.47517
319.896111
387.103437
256.078221
224.955338
350.624309
208.585858
361.522604
388.914017
321.352203
278.1039
396.679048
396.638244
173.71327
205.521844
266.020466
181.334672
228.534953
290.774226
319.782536
340.962952
273.389812
236.218055
383.714296
199.415242
340.055073
285.907306
284.466292
327.134058
390.52582
394.312027
370.658026
336.501706
173.10055
245.088731
361.959168
401.737197
248.733082
280.012675
372.676912
237.259497
144.063878
221.882127
285.77239
322.06662
369.270755
214.89879
404.629929
375.862374
333.306798
252.979076
308.087083
391.142068
392.23185
277.611246
394.944165
333.322394
284.205206
405.903579
293.292654
384.260154
289.131263
269.039469
307.893612
337.575931
320.547434
362.04663
383.599504
194.280125
198.271041
401.149695
345.609382
387.531924
236.829004
331.033692
362.261145
355.075205
343.59068
386.347341
292.115831
338.790099
328.367061
343.927636
311.584017
260.621472
294.030697
208.69128
274.465742
294.301709
363.087726
331.422989
336.059151
390.287445
290.360533
362.518191
137.450575
345.54568
306.835135
109.428651
340.184328
405.024187
320.905512
371.742224
333.76426
277.245703
318.508939
312.491318
386.872596
297.656746
387.629068
245.625772
246.800637
247.662562
314.510894
319.071683
296.586267
306.793008
345.131762
243.959656
252.082014
370.821734
337.410368
399.258717
292.394712
380.992418
401.642159
293.275379
285.616612
308.761409
370.883922
346.053095
331.305633
355.898492
388.135242
303.107916
224.046996
286.025005
181.723118
401.571787
370.337727
355.765112
339.036659
289.556654
296.342627
362.986593
283.678183
372.421704
352.472244
239.062779
202.201728
331.736267
387.503044
366.435792
321.773546
310.849884
300.847471
314.950892
338.747819
241.647766
400.797567
377.417541
268.77939
288.74267
372.207795
180.342771
304.938601
399.790274
405.644118
151.621529
248.736273
261.023999
266.078307
298.970378
152.112703
184.494354
285.229803
389.789395
214.61489
281.527556
404.51186
346.246872
156.287228
336.600208
161.246052
318.855392
327.557083
396.55286
315.758348
320.270023
257.482173
360.939599
382.622352
325.200755
323.31468
289.908209
378.469196
292.139704
309.00985
237.951676
350.119792
340.425261
322.323476
232.780644
400.609677
282.276532
294.396508
390.317414
390.603012
283.715526
362.082925
368.943276
374.806334
355.974534
301.411517
339.394676
236.560094
320.576438
383.77683
344.464027
325.26287
391.649605
167.65813
127.018199
288.293661
329.246329
256.144672
385.685782
281.206968
398.039664
332.293933
374.281769
301.070518
285.894515
404.240537
352.922056
375.138301
229.391715
345.241178
204.460895
210.816662
267.985413
311.817944
256.030595
280.891084
376.510359
300.054723
346.450679
160.908368
309.326229
277.167148
394.239596
242.528885
402.179178
369.879604
276.843064
159.11693
399.385392
222.405873
247.684816
196.952428
148.153758
316.791731
396.984045
382.083951
305.292679
293.9082
293.776099
206.484528
281.651467
353.030002
382.780435
390.891987
363.486857
216.657398
380.845533
240.90602
279.074191
187.890138
397.93819
323.920772
358.520425
271.068514
346.49309
329.023695
174.597645
249.91627
407.852382
225.115501
403.67518
191.470943
273.670429
406.099572
307.174314
351.766947
202.799489
286.808909
231.901745
259.583277
219.379406
314.827332
309.572892
347.569154
297.998847
245.059045
379.034628
177.122045
362.741814
317.25142
385.95415
321.379826
375.156243
389.623807
393.506787
346.905127
326.046672
383.051821
396.800016
316.281475
392.353862
191.303459
244.803201
280.418719
243.243468
331.909361
354.43988
227.71974
388.373405
307.666034
382.190051
376.821801
292.485815
383.973678
332.96769
381.311662
319.193435
202.690153
240.134149
402.216674
231.521638
278.393662
366.324974
328.467042
357.78337
398.812549
221.051608
350.984159
229.122267
363.915903
215.288349
316.49928
133.85163
343.076192
177.834919
370.896457
282.926201
165.031703
150.378079
330.745901
386.653517
344.132321
391.594963
315.048757
315.470725
278.138167
324.690476
143.042676
388.450567
387.17005
368.748778
298.301921
348.673524
355.938448
343.527198
221.838059
316.103518
302.230724
276.374265
399.085156
403.034565
335.432512
389.991623
265.286716
364.821102
383.719402
377.291435
349.418704
305.670307
276.928594
355.875122
389.882473
159.059454
302.617682
313.48653
342.46173
349.296069
335.801714
298.657289
338.729947
187.638383
298.201248
302.151961
379.819323
307.390871
355.745741
385.957865
270.347451
372.232352
362.818008
90.709316
406.564893
344.557713
239.48417
306.996175
301.860724
388.449208
272.770734
227.8558
349.291593
135.711763
359.264572
366.400938
226.467921
353.450427
231.228341
401.585277
288.221667
242.452197
309.498135
309.843622
227.521271
204.595844
206.043062
293.685034
285.769741
317.247806
394.92163
261.187056
321.23297
402.627428
381.030041
302.697977
386.17588
280.997786
378.300674
162.450326
374.109599
402.794371
346.897709
372.141744
274.593555
226.372318
250.307322
185.168541
356.962854
322.969517
350.34863
405.283085
322.944652
380.750341
130.180014
227.711051
400.954817
367.904221
354.049144
337.000477
359.282414
333.158769
248.310517
315.401983
368.26007
350.535871
322.462833
106.855502
349.562417
187.174756
315.702908
380.54406
299.518626
277.154113
270.602736
325.689762
207.300585
321.131055
186.797228
261.951686
304.294054
384.65277
268.732745
318.039358
353.849252
274.313002
380.783747
312.162707
254.59405
201.120379
290.752867
208.076859
404.129324
152.900435
158.111858
326.65454
293.224074
158.292448
339.51519
382.985544
119.086019
385.484728
217.964863
271.328751
248.739092
185.846259
209.384157
363.989021
371.280097
380.130603
319.292822
363.368062
310.013806
238.490624
406.274071
227.050716
404.745331
303.953446
318.806263
390.213283
357.723247
249.011345
226.524365
377.552529
202.19396
300.02258
271.287774
236.739236
249.181098
239.73075
339.635749
379.957836
335.353773
131.785979
329.523973
160.356944
367.952866
141.512193
376.071005
392.267358
331.526413
386.540299
131.67184
160.90102
205.370538
369.397709
237.057497
259.535367
245.763578
391.153863
301.641186
233.31227
360.782684
166.433539
326.493745
388.415859
193.049387
396.614755
309.839003
396.932359
114.479256
275.116211
382.130096
371.695245
374.631812
280.857551
355.74387
403.236165
363.046964
365.519816
235.613806
281.727025
233.257392
306.369118
360.986021
374.951234
362.355615
214.018245
359.701989
358.777763
214.557874
339.903848
210.235276
188.747143
400.814599
297.34995
226.483525
390.567499
406.177356
312.311385
367.240443
225.610933
357.498186
327.242586
369.042658
292.726448
328.019971
355.272817
273.837892
405.530352
331.121109
394.481348
406.35681
167.931778
345.995102
183.043317
358.783933
309.37992
305.058231
278.013687
240.464731
282.167801
224.406648
362.810198
244.32792
383.854105
275.888232
310.122228
301.828318
317.267768
367.620135
249.3499
380.188169
339.568837
229.949424
196.927016
365.970174
346.319896
403.298838
307.049297
352.478108
228.76328
271.486402
305.161424
289.650732
327.184068
387.625859
247.683589
348.395647
247.664491
321.322773
319.151591
243.911659
359.384725
332.397818
266.192207
392.803193
210.231715
319.034501
331.337276
256.443666
295.316874
322.106122
220.032339
271.090539
299.947444
300.28368
231.431621
407.579633
244.056576
386.419734
180.089654
294.613997
249.673328
225.446793
150.403879
230.016106
362.727902
205.796232
396.875174
318.301534
389.721422
164.398066
367.635298
170.458752
373.312394
256.026191
363.902731
222.106876
273.446334
278.526516
199.176033
387.985606
394.028396
334.817393
378.826808
390.24919
357.708609
354.711297
237.285338
108.577515
273.463328
395.78415
359.00813
171.474445
384.900863
339.716995
401.778792
202.313281
288.707809
340.709242
156.092296
405.993579
318.729747
306.935314
250.105594
398.88182
353.788602
380.669165
340.27794
204.147961
344.459043
336.446455
355.852167
250.353387
336.472337
347.842531
237.654928
240.485313
157.966827
261.264213
365.581048
359.385039
384.707597
273.320568
208.272392
367.797227
157.100546
254.574186
318.887676
312.926945
322.704964
207.864717
270.09018
272.470579
299.457922
307.992376
347.815842
405.031831
332.300028
338.950301
400.541296
395.387614
358.956844
261.150114
379.850869
145.43858
350.601963
374.840777
363.828022
283.7636
362.938479
363.027672
359.14234
237.656268
255.542672
328.434944
251.565311
208.194637
381.884032
371.347706
286.979931
357.572871
205.480599
258.754744
258.249841
294.943339
311.503744
255.630356
305.130396
205.220426
223.823018
400.080164
269.548796
334.714915
358.437211
197.978318
271.794971
295.123096
216.808229
391.788753
160.286179
319.632086
382.771795
380.880781
360.004661
308.311436
314.124453
330.092327
282.505386
397.898752
288.438057
343.518317
363.417356
302.732684
336.494385
388.410646
271.200172
230.103024
340.779734
401.535642
322.770829
368.686157
269.327177
180.376318
227.78411
405.603199
277.971894
303.647758
230.506726
173.615648
253.197604
207.622367
359.590061
258.780865
267.767239
310.323684
265.477393
291.001372
165.224783
188.69965
271.29147
246.554917
183.026705
339.338676
322.977139
272.19078
240.225095
377.009823
294.893965
317.199887
295.316547
284.954104
229.833532
378.664404
255.038467
339.846605
182.949518
303.58282
398.475632
279.698529
331.345417
299.358126
161.742016
143.337044
258.253586
377.59985
377.03014
366.336983
279.092108
236.909003
312.783416
343.637404
368.991074
203.017358
299.461078
310.769273
330.465633
353.757951
195.517946
304.108538
405.035055
299.341007
336.848596
198.354375
253.316273
395.890512
286.083135
233.481195
408.460313
324.06259
277.982952
397.644188
284.855558
233.279225
370.970665
379.335187
281.149805
243.912247
275.137513
289.503188
246.626641
313.689304
395.153728
345.733032
330.381338
328.793287
165.101028
222.068247
221.991729
377.119053
357.194093
328.262301
262.092334
271.154422
326.677785
320.69328
254.643947
383.697572
361.975898
340.818537
268.249735
270.378569
344.798452
355.847589
309.588341
221.229369
291.331526
339.642047
385.838722
219.281108
185.717097
352.089406
381.653237
197.27176
279.156448
321.594067
208.415523
285.099363
406.159468
289.83304
260.902085
380.786753
374.589689
302.015041
393.895733
334.745624
370.041941
286.379365
335.833921
397.63344
197.545651
280.83452
246.856813
401.231431
245.002245
397.130091
219.652258
403.136197
369.548714
347.456902
388.846735
389.931127
401.35787
335.000956
384.899249
221.208034
220.15305
233.205814
298.51126
334.455619
323.471137
153.029268
397.521018
325.446049
355.051176
378.565674
260.042802
361.841653
282.507765
314.984202
230.533151
374.553804
320.774203
304.892746
346.510344
288.807191
405.107835
271.704002
392.793004
397.462609
403.823171
296.213517
258.613575
363.746276
282.280502
210.388661
330.599846
360.546359
240.008907
312.780252
346.29754
292.308603
349.560938
326.123039
279.10736
270.761908
397.310653
291.626118
361.338021
388.959954
316.303552
374.147385
194.400564
356.428586
209.758983
371.007036
367.985482
329.645372
389.085334
305.02482
153.747049
263.196134
164.501261
165.967319
250.422472
356.0699
222.578186
241.109287
224.526067
282.663508
340.947459
332.16966
354.482893
321.380124
301.619127
290.573291
379.641413
275.512903
390.350904
351.188838
381.459488
399.522383
307.092508
127.699182
256.173783
132.063172
131.506937
315.826382
403.321033
323.119358
237.592679
287.164817
275.119727
259.179182
306.646302
402.170569
143.882233
357.707393
334.82701
394.106125
282.751889
387.610166
378.197945
367.601748
344.385861
291.847678
394.89039
332.048863
305.537164
395.8552
228.951781
373.535194
278.792669
375.40166
133.639596
390.692259
347.281126
366.001034
147.891631
374.777796
242.392764
272.881725
287.759243
327.256921
338.47463
319.633103
382.099298
354.004078
127.610323
359.829692
393.984838
391.841269
282.42141
306.127388
329.486789
282.244626
258.810204
392.721141
354.227867
259.378343
218.266622
381.707041
330.062287
321.654694
241.304763
301.836416
279.213802
260.421849
401.695011
402.739869
382.489504
174.665729
368.477338
407.514032
260.278138
342.314026
263.589386
266.296405
331.52887
372.084782
278.280576
326.182872
207.827555
312.129951
258.54758
162.375941
356.775738
279.384188
308.55615
282.34673
303.77026
344.618831
254.975738
376.852373
160.457091
337.604476
316.968346
119.456621
321.099625
219.761693
298.946178
297.107558
405.6974
239.102052
203.182561
311.276147
366.59527
228.62262
343.863663
229.787269
348.138215
373.56945
395.506251
335.88736
355.965478
244.215206
301.162929
171.396982
229.567231
287.17388
318.190782
333.34125
325.829717
278.192489
240.833322
392.854603
344.907297
286.967984
331.179
321.384174
309.190947
281.451015
315.766012
280.161618
234.849686
382.560607
364.845047
319.783259
349.448475
262.4371
260.796337
200.055802
308.532443
314.551452
304.791395
203.755049
384.799201
294.837505
393.121789
325.618432
341.43639
344.829015
287.049511
256.801994
337.722593
349.399007
226.858102
206.847032
396.118961
209.030283
388.086346
217.214139
180.7927
330.273659
403.375476
395.587682
243.103924
188.098756
283.020295
400.500783
288.726318
356.801287
230.853875
286.847322
302.811911
402.731387
260.491634
279.9815
144.268429
233.006032
341.803688
300.467145
404.589489
385.434312
330.809941
347.803302
385.591647
394.881023
273.044493
178.819555
363.300467
386.312411
346.974326
406.564038
324.934107
254.911622
264.81707
404.163557
189.822545
176.48847
263.788265
303.668846
349.12618
323.863378
243.131593
190.842312
148.589155
343.669744
288.964858
376.34771
256.431854
281.574736
355.99986
396.529216
407.767018
357.390881
404.926871
281.520362
350.337356
258.244438
302.867475
362.730164
232.698327
302.782802
370.026098
246.875933
393.47935
224.672763
344.468119
265.491476
321.936759
330.198515
382.977161
283.692086
322.225633
127.733014
361.920911
275.555402
336.414666
273.752438
295.263593
281.236197
248.085454
264.620338
374.560678
252.003527
274.813306
343.826547
277.466316
280.226654
405.044091
319.259531
295.561761
289.317326
330.246966
405.820136
388.107362
399.706253
398.035191
366.809158
293.985197
314.023354
387.286943
283.562166
246.057197
186.246891
362.858082
154.185015
396.317427
301.205065
345.679073
383.173904
325.595293
356.964031
243.787843
312.844844
297.229939
223.585502
280.439925
326.44775
246.367124
314.538821
327.293369
271.516456
383.346481
279.198686
330.490413
321.419732
266.035008
174.460851
366.88937
393.715782
284.754896
236.583515
268.450401
398.565165
383.275734
352.56911
343.300223
378.159797
376.824009
315.328355
159.785352
313.092176
315.22565
293.628295
293.85761
309.72387
211.742895
312.072813
239.040383
240.041001
304.616231
176.790498
398.100988
390.389176
285.887912
346.078112
338.311568
182.495351
256.012911
249.009368
290.259066
403.656899
287.673604
205.969246
384.212441
217.369726
230.538129
327.250101
283.161339
399.987112
297.133886
229.416445
224.309594
398.805476
316.001519
112.108479
270.614745
224.138285
384.853557
278.505286
304.929397
193.667139
255.872365
306.279167
329.894843
316.49931
357.34738
376.911786
244.699864
293.507707
359.311786
351.63065
302.167166
406.668078
272.961032
296.447817
367.63803
335.732822
336.812313
397.479877
251.181928
200.049157
347.35025
325.846846
311.507203
371.025926
390.285083
196.6066
310.806503
400.310472
256.273804
363.203003
388.669651
381.211926
358.8889
206.708805
343.643856
263.772244
367.930976
292.610899
231.41601
301.474865
374.375302
320.319668
317.89486
222.602057
228.575178
286.20282
212.723266
277.676233
375.61417
244.456718
282.777543
176.878193
332.906989
401.795282
327.861067
307.779187
304.733817
402.476266
307.020357
350.372094
388.624318
379.069236
214.963236
371.341788
270.077589
327.317875
352.21544
399.298512
393.465898
343.442951
139.949803
272.693031
162.569141
359.813377
368.231387
397.730436
409.095924
391.982128
272.425274
236.627541
290.396237
360.577499
294.961056
310.163012
358.749767
265.451342
247.480638
399.936136
232.449434
182.380212
393.154475
346.985631
335.113938
395.011173
378.291396
407.445706
178.87627
267.773581
350.843476
287.189843
323.820751
398.960386
367.675355
338.120212
249.052014
287.845699
397.836453
384.58732
296.635592
375.740354
356.705735
395.396559
339.865143
357.17903
311.025915
230.26419
225.813745
276.799282
387.730087
372.959496
286.585214
255.305647
227.223357
405.681507
317.94692
279.996522
237.812684
240.36396
304.57925
226.680627
238.049404
304.229757
334.702823
294.513143
400.547596
351.941382
285.263876
370.387442
323.805802
349.877835
131.63995
383.350984
207.739333
224.505007
249.677282
332.789876
199.432852
341.967585
400.712791
209.075773
158.869191
279.620384
264.169329
294.723912
299.964313
255.352781
244.985075
347.212399
350.618755
352.979719
405.274453
398.171
348.878963
358.224642
263.784977
263.444382
348.265818
364.264292
313.065701
299.237922
240.563352
357.064971
348.339771
265.713341
337.128299
156.522328
330.139965
406.156971
201.393174
384.145212
344.377605
396.795696
277.607122
201.475375
244.757296
263.652776
221.96642
228.630863
349.942999
261.29407
253.012426
258.915119
362.931579
396.538624
357.906382
395.021967
196.856337
369.542178
191.256117
367.853779
260.340261
380.800531
224.6551
363.188675
247.214429
344.787159
155.407552
228.449911
179.397821
407.999814
273.577525
407.979961
296.637535
369.084057
225.213082
357.207097
253.575879
374.261159
340.213509
228.330896
345.516803
224.257785
348.939976
166.629038
234.902329
282.944512
285.835439
200.007275
325.322685
340.348718
209.001498
388.917448
294.891489
348.089689
359.557207
331.18373
266.780506
253.821302
231.347067
263.761122
303.50985
335.154584
212.153319
381.399101
185.265127
356.4929
224.664048
256.177852
188.88795
350.108429
286.616492
297.453857
348.269181
380.661133
345.675264
370.669334
225.868146
409.095811
253.066009
361.646888
274.818833
209.702376
219.024582
395.080496
373.151467
189.886036
181.90812
342.762856
374.825106
215.177926
280.688596
265.352343
279.502861
379.307105
219.643123
376.374016
191.943814
296.649798
350.084694
303.674635
407.284404
233.030964
345.862581
339.904537
189.413134
379.245532
289.422805
210.246998
305.975828
326.987787
333.419859
293.364745
313.943245
340.370769
332.226331
320.28898
242.657712
339.755462
320.622989
333.294608
338.410036
292.53299
364.169877
400.405935
378.566894
246.194408
352.603306
308.44065
387.999563
317.097121
283.740265
335.382213
292.44375
364.515427
352.318016
299.146169
364.380503
304.247548
324.60699
217.848112
344.868117
293.806667
343.570703
137.303218
389.786671
256.883965
361.153494
236.306171
394.883888
172.636138
365.057171
246.285477
162.740667
379.575524
205.554878
174.12915
398.007949
332.241672
387.651762
272.694755
393.124784
307.528329
152.934641
160.345606
169.215742
328.716477
290.348447
333.754942
315.03024
378.567747
324.040066
288.090075
322.095401
380.970362
228.874223
205.744341
369.207809
260.163873
369.031853
358.300376
315.629343
245.919798
221.506476
342.07836
265.149093
401.404954
179.639761
314.662661
366.528768
382.985862
373.955884
229.546116
217.349847
394.941807
379.567908
178.621582
276.353298
331.496404
349.679347
187.855038
226.878513
388.214182
350.478379
381.625842
294.569424
383.723471
338.739138
358.624662
352.4699
393.867472
283.905945
385.496069
299.330507
219.144843
129.903835
336.746126
397.570332
394.852612
289.184537
290.934057
212.550955
212.650456
331.36843
203.786704
287.859356
344.416549
204.755546
389.779346
378.307096
242.430169
351.177228
217.230718
324.630118
214.698755
314.349792
294.265636
307.512882
