Neutron Energy (neV) - 109839
309.290323
343.360886
302.512273
321.891177
304.506452
298.38372
213.898556
194.788704
283.803725
267.718576
201.302648
256.804308
335.135966
314.255486
248.146714
272.996163
332.269585
165.39329
359.65613
387.242312
248.30071
161.30167
355.634385
343.98749
244.081796
376.159876
338.497622
221.247093
257.96759
310.11524
187.868774
380.409442
373.56227
360.582951
288.806824
291.531214
337.26622
329.586196
357.375234
245.365799
277.004397
340.749081
328.097314
362.069637
228.97428
269.613756
285.263078
274.698424
159.964282
314.750538
320.705786
330.826201
234.0613
313.643921
273.54926
215.405788
367.268872
230.819617
357.991051
245.634419
328.98474
374.49969
196.14224
141.197572
381.611201
362.656131
305.631423
215.697241
281.579886
203.968843
291.061245
320.504322
275.256905
257.269843
300.094386
231.121025
328.098562
316.418735
291.356757
207.235316
372.974267
299.702728
367.69407
315.583833
170.819476
183.008452
246.292171
176.417835
348.036681
347.533623
308.034155
276.343323
382.293582
340.86794
348.241916
251.972673
353.266764
265.722497
238.749425
384.590221
385.746005
337.049397
231.687741
321.855038
320.793107
381.00888
363.136793
365.226086
301.479977
223.59758
356.543656
384.20695
326.345013
242.6751
324.397345
183.462351
367.812868
238.670266
174.94054
366.367354
220.366608
264.601399
303.759859
259.939204
309.917832
296.70957
368.047826
372.473171
222.535217
283.581033
326.829519
314.613836
365.903011
297.572762
368.829825
207.964925
329.283835
312.973148
281.80272
266.952519
210.338669
288.281449
313.132752
337.509748
306.034666
318.079476
339.433752
333.489863
342.829995
285.593651
258.318859
274.278883
231.612472
286.518215
331.7145
310.31213
273.758559
145.143046
214.352945
361.599426
244.632886
331.10127
290.019206
356.749077
257.499565
359.268459
367.041827
288.647341
251.609165
377.279132
357.531723
216.263676
227.124568
374.440364
262.183052
186.875503
323.942306
378.992062
197.027677
331.645763
356.405518
326.525268
170.474374
223.559076
334.234837
307.174193
331.96668
295.654332
374.568355
371.679531
326.861961
344.223719
298.402971
271.271509
249.349507
390.994653
379.94423
204.19244
229.806988
341.797205
142.900834
361.205276
365.156917
340.373569
246.753332
279.172056
228.377435
218.845856
330.459236
365.186302
220.718018
330.896577
323.714559
287.947995
188.87374
353.307357
310.325642
236.057253
383.263909
384.965453
315.269495
219.224648
296.384351
182.447512
319.84786
355.719452
303.854552
388.646241
293.680943
229.708887
225.655732
353.908109
266.409288
325.081403
366.833768
309.502883
389.729281
136.102934
336.402104
135.576346
227.925636
308.079434
217.410522
304.291598
386.860759
257.278093
288.20753
365.678883
318.908498
378.99412
357.707824
230.981765
230.064414
327.309621
383.088209
258.822181
323.166117
249.360096
378.268454
251.556239
348.513333
322.552508
317.519362
304.020775
373.19412
359.784999
280.920323
355.100483
354.94497
248.512125
135.020822
286.594309
385.263813
375.244514
330.227409
254.637943
280.678955
354.885646
314.286743
350.64504
170.554957
343.691583
306.194391
109.099578
287.231526
360.628598
332.122828
368.183778
346.641046
269.799719
374.224545
222.801274
232.959229
290.496582
267.889427
327.135024
376.954098
168.876108
295.59398
359.919784
329.678306
276.432651
325.339825
326.106138
346.152252
314.2269
202.89231
239.908189
327.044389
335.253031
389.918986
227.584235
314.103753
317.365451
368.658125
391.525594
275.621796
377.892083
354.161053
325.30282
253.55877
349.652586
209.350154
265.669509
208.738169
379.113431
363.200334
376.651888
311.909897
261.673017
332.857099
270.269522
346.860836
323.594429
235.515686
206.758646
219.021018
230.101378
282.747653
294.650145
259.676578
343.569524
191.480235
349.527027
302.749453
356.022744
312.404178
290.898264
307.385559
367.664664
323.993154
295.898387
371.730725
337.348803
268.937848
342.15912
250.547567
304.28188
316.19566
388.200448
325.160997
318.875274
289.215988
304.419124
251.900416
337.437931
223.688942
308.723785
338.880067
376.659997
334.044759
382.852861
317.506124
277.811354
350.731347
147.762053
265.106331
270.871333
226.694883
322.430658
146.166776
312.556467
160.345792
297.617631
353.238962
271.414116
341.724355
384.32896
318.373579
201.763262
206.967934
244.50061
165.813984
304.012695
323.11024
174.727889
355.577892
331.010037
166.507226
299.143022
289.316707
123.4907
318.589696
373.686328
361.026105
387.935759
299.264233
329.79741
330.806515
124.538702
289.016827
371.602272
339.409089
185.900564
179.056181
303.802869
258.681917
336.75494
337.699595
342.699681
333.210284
305.884686
220.723531
369.926566
221.424407
368.61586
176.594855
231.646713
140.277119
360.727521
259.600382
285.040563
389.004174
298.726191
248.722121
378.185733
232.206371
225.924846
367.323515
387.243861
270.237175
204.855013
363.734057
312.011522
193.195722
293.071146
275.58387
328.415057
376.00637
356.67705
264.477539
123.883054
265.746197
234.913097
359.280987
304.626158
337.415788
123.668118
329.847664
289.141244
181.429348
349.551455
269.290023
275.887371
314.629822
383.666642
352.153361
277.848063
319.742195
337.458898
361.360824
231.68605
362.358988
274.208926
346.214634
209.317393
274.83219
201.589336
352.897022
287.684701
263.467013
226.592269
264.532991
324.960902
354.047837
244.687321
347.553366
377.56032
336.004861
281.204499
315.671236
355.685498
322.336099
368.827869
379.761584
367.691002
364.869763
177.206494
336.66815
205.163097
255.069352
181.268323
301.908853
366.252191
364.634307
186.826723
303.130098
216.769858
300.937935
302.982458
341.493753
256.204425
295.617156
385.539157
179.097626
352.46054
343.415561
173.668367
308.64934
308.527251
205.436839
305.527381
387.004453
195.787607
299.367568
223.926724
316.191502
316.357564
351.749431
326.698054
328.029551
350.515838
259.310386
328.197034
280.927463
280.497006
303.997256
373.464618
247.608087
298.211591
323.662069
221.931895
150.122788
226.456038
294.252588
388.294762
368.433084
342.641139
198.575282
321.491049
359.873327
292.980134
289.998283
332.170591
313.354297
325.692113
290.09788
276.491719
252.218442
332.860492
332.082069
353.224306
294.1474
329.499628
297.169607
349.76636
357.446314
324.527503
296.236339
354.677334
325.875187
343.979505
292.843763
381.744706
334.092961
257.099276
301.835863
242.117767
276.325113
327.478023
240.869385
369.531184
341.637577
381.292444
367.224629
269.833047
232.499234
301.118881
356.099852
324.246692
348.811587
363.550843
291.331839
200.458427
339.694237
378.519894
383.815207
258.483516
186.294993
148.655938
348.785289
219.827337
305.285316
366.457733
350.652822
244.630529
229.068017
314.692695
342.800954
211.470251
323.27943
266.106075
306.028354
302.397613
348.361607
344.980352
354.409801
147.412831
204.6565
241.942173
369.376527
266.417478
273.26698
297.062957
179.349499
331.639561
333.770766
372.354916
268.777143
324.270581
346.483307
292.896723
307.165611
306.377596
304.078442
326.238324
250.611288
222.672568
377.704696
199.873972
365.384847
326.108646
347.421538
383.535292
364.84158
270.905054
262.466611
264.858307
306.576304
199.46068
285.010182
272.879636
317.770829
320.258402
294.948681
313.29993
275.365392
353.115831
240.724903
130.336053
309.363064
336.817328
170.822412
341.455233
362.952876
244.204206
308.456613
246.224326
333.916575
254.832409
346.25843
175.265832
191.333264
370.053144
383.54187
327.879394
327.657813
333.43361
279.84431
238.301245
156.404294
216.536644
365.845741
332.759638
249.495308
262.551568
209.271165
350.737636
123.937597
341.696545
334.972049
256.126404
321.132356
366.508401
356.559597
98.34149
193.266831
365.031482
301.429059
277.953893
245.726537
249.254607
359.976441
332.548758
247.821421
213.058303
299.922933
363.623581
294.3463
305.880172
382.130834
354.746712
310.922773
341.421366
264.936367
371.182152
285.364671
348.080119
375.636994
322.251854
237.786021
279.260312
282.723686
337.337703
213.49798
375.76464
322.058042
333.026613
330.912909
210.295179
265.834961
367.050458
320.865505
315.441691
228.566595
343.635338
235.567097
285.248176
220.987619
288.038737
200.740117
305.497423
231.634583
208.868458
308.163629
131.323785
314.321511
332.201889
306.601638
390.208228
382.170199
257.649803
336.134304
341.789551
182.57214
307.171737
252.65431
171.858519
290.130951
267.068013
227.691415
332.996695
377.205694
357.32852
338.929682
325.251211
312.213707
374.552303
252.59629
261.659841
322.089226
324.318529
370.779893
285.054247
382.018573
237.316918
377.583053
215.791898
255.195084
346.145992
244.243268
282.833453
291.257845
266.818429
336.711138
387.473821
331.646418
270.611245
344.165409
256.256447
271.516659
250.910325
220.648371
250.455574
366.081732
373.333139
349.89206
243.192193
209.516318
352.474254
127.412262
254.727877
283.933606
370.161114
263.928931
382.585159
205.942429
245.978945
286.13752
360.57334
242.736081
215.987471
253.893629
248.976364
332.553354
263.817747
325.960834
387.902924
306.98249
377.282776
350.437197
317.214924
293.950546
232.553694
243.845325
257.610264
368.973217
230.75489
213.890651
218.365359
282.353405
319.487405
325.503194
287.83955
151.031541
302.899109
328.222572
284.002333
213.263348
367.967724
373.966603
350.994445
258.435952
203.134175
239.976166
266.842509
388.868966
367.244167
330.947447
206.413713
348.299542
338.443449
385.176039
224.108953
249.210496
344.524901
317.597008
162.212038
335.651221
389.333285
382.628408
350.349687
365.372311
258.936297
351.492107
211.504227
123.627346
386.541485
346.541985
330.249736
340.097559
340.409122
241.214408
226.341864
240.197573
344.049605
285.903264
364.788224
198.441246
341.436896
384.043344
253.82477
331.790791
319.464757
337.488809
315.304187
349.074235
388.272149
226.501106
238.118981
380.403641
343.943246
378.298049
240.057703
180.344935
301.229488
302.017364
376.383044
208.482849
310.238352
383.386831
311.363288
382.803436
183.192813
157.27835
156.885036
330.967814
290.321496
337.258143
223.636551
379.962005
390.162245
316.698798
342.842935
279.595985
355.742763
330.653147
215.831845
359.627729
350.234668
293.044734
270.283503
382.444777
266.035184
237.925286
203.130007
335.927494
279.873678
174.206377
134.588916
187.964075
291.044159
345.967352
353.697515
320.65857
313.759787
342.822148
284.773044
329.235021
279.634385
362.886154
195.480513
340.787389
316.250442
380.099962
383.46589
298.765138
302.664395
266.791175
168.016645
225.083108
270.773333
321.134568
188.028577
348.027539
383.833281
363.455468
388.666624
302.19407
295.709557
349.557718
169.719216
316.785808
158.838957
272.261512
171.566178
354.796195
169.705723
209.251832
206.037767
329.863511
367.928735
330.028895
243.323924
283.204074
304.267562
329.111601
343.014036
387.23611
301.717382
183.164832
255.842424
364.247823
320.241702
258.210559
345.713907
240.143257
378.55407
233.757772
223.715802
165.246787
379.943404
266.579896
150.885439
322.443561
265.411895
374.127911
239.958395
328.553316
372.445889
287.639252
341.547677
364.586346
383.441894
379.505267
285.04546
204.439774
222.039094
316.804697
300.461495
98.201951
381.253677
200.049203
316.200748
351.970335
341.875485
269.114634
305.804914
311.879173
289.715555
368.317787
309.697103
345.73554
303.172373
210.924247
344.393128
285.341212
319.71646
338.422966
208.881749
146.798228
235.064539
349.555408
251.669307
169.258555
367.213992
141.733781
219.785107
364.301598
268.784985
311.89591
334.290291
229.263693
298.696455
279.126888
204.024476
293.358104
217.625167
261.189872
271.167659
344.61944
250.230237
370.289843
271.971181
385.881023
339.84349
379.90889
313.111047
369.089273
353.212216
294.469076
357.739745
271.806803
166.352171
308.563743
325.755613
356.139396
315.239825
96.040125
376.567051
357.765958
371.177656
250.410209
244.327915
345.466001
200.461831
376.849175
339.921803
235.171623
365.921327
287.116301
332.807699
299.169374
301.703436
294.535663
142.926638
378.54401
183.714791
338.116843
305.729185
365.409839
350.391613
298.015221
117.599078
339.359061
386.535565
341.41382
333.354805
109.069102
272.014299
364.092748
124.025118
148.573631
337.307287
217.291283
381.445
295.684445
209.394179
342.614013
180.697024
384.086811
178.851818
389.217639
220.203086
210.036562
298.811639
374.496113
389.865555
274.733369
281.932107
304.563235
208.551837
384.240644
370.021556
295.761047
273.314482
331.920438
306.185387
265.740525
359.717784
312.027739
338.443521
273.931009
222.079973
229.190543
283.798186
307.747444
355.666375
291.360071
236.558167
241.863443
315.652387
373.592663
329.968771
308.941228
156.951356
330.367846
346.811806
304.921286
348.75247
387.928688
342.601554
375.198294
257.501585
324.921027
342.955946
384.184787
374.685758
247.77168
320.694327
355.599259
364.165001
310.103136
228.945468
274.195775
275.739102
251.019012
353.700312
382.48271
260.675998
368.403162
293.422519
322.078307
383.394083
181.612152
176.847061
308.728133
215.242999
258.326935
278.189195
194.585628
175.984179
334.400623
330.235691
204.508955
311.479495
216.37736
384.642945
307.774709
314.833581
272.197681
201.041634
368.156625
211.916499
328.364528
352.661676
164.64815
381.265955
342.324322
363.943482
359.850744
254.260244
109.711735
379.10456
382.577611
366.961109
328.609713
187.707716
275.739935
355.384353
345.155987
360.433945
374.525676
300.905505
295.171801
295.784597
366.464597
212.594866
223.85542
332.613314
319.703373
294.094126
319.214659
363.6632
253.699739
368.408198
324.778351
302.107712
254.720157
356.695223
262.014152
288.852695
369.736288
373.719742
332.929757
267.848609
184.771572
350.761316
349.168878
181.661307
338.52499
355.649173
376.309991
311.318062
210.796841
130.214909
310.528655
317.961581
331.440776
336.529923
378.123506
368.337469
311.297109
250.157362
264.482332
333.048471
331.7799
363.210611
266.275339
269.233131
350.509863
124.890841
296.564181
285.560685
239.982148
298.459123
341.685376
110.740352
203.210145
366.910263
356.411241
254.166388
148.009091
338.270949
291.026709
390.382453
362.440653
385.884922
350.458003
335.817536
339.056964
348.004605
280.096629
259.803147
301.971281
329.793002
229.471849
311.363544
295.299719
334.832054
291.338261
348.441783
364.685352
302.136783
219.109761
234.912163
371.893265
321.712713
280.113973
235.025364
346.15575
321.880774
251.702717
316.125014
275.042456
256.28774
308.786391
243.985008
296.704327
256.778049
279.278334
331.885352
277.360838
354.722933
266.29241
213.309008
235.047481
329.061848
325.64939
280.748081
307.161632
352.474173
248.974486
263.305752
245.433208
262.982833
347.10806
347.872289
361.706907
290.063423
370.024285
256.816807
357.567194
280.575134
369.755874
311.880781
327.892247
356.582823
155.887974
343.707207
323.303626
375.52479
311.068951
375.386853
389.982564
239.473575
267.123689
250.542506
324.473161
356.546933
233.44685
225.128709
285.954469
142.480241
350.476046
205.902454
316.463794
304.854081
321.64614
197.136753
338.029378
309.397624
293.783103
276.917187
354.947162
265.356841
386.894513
310.501985
331.04989
389.991589
302.543963
352.634851
333.563842
299.419882
216.547572
170.988413
276.179663
390.134715
336.218979
339.908843
267.893929
197.367304
313.659162
338.321909
370.871761
320.583806
264.493602
364.837166
350.210063
295.605054
246.550412
310.741499
271.929289
235.299431
271.124241
390.637392
269.738474
312.19695
384.675917
306.842892
349.373901
271.118918
316.159033
150.28337
311.932628
342.661662
342.249017
330.167406
285.014113
202.223522
317.485489
249.698413
365.933162
181.749927
238.261551
380.578783
356.019807
321.8506
333.934108
363.45777
250.740879
282.290389
321.296264
325.784065
301.524954
374.652651
382.913463
378.031911
288.297685
203.844848
295.656516
132.257428
329.218492
247.06
321.463832
377.904257
380.454648
288.957672
252.609463
360.413134
348.753331
373.478257
268.445777
240.003196
330.683126
280.911218
243.318429
257.892072
339.618039
356.781272
232.904073
201.159319
310.409344
319.449447
229.357567
186.38316
302.537637
123.9616
276.401344
247.198529
327.700748
266.279018
318.406562
123.234656
341.486924
350.151448
261.584793
271.851243
255.054633
326.089966
365.206814
222.464575
213.510102
367.444364
160.749707
351.692414
189.254619
209.342753
280.615964
362.81023
281.871604
326.918525
187.92137
291.890386
368.086499
282.928738
364.112928
238.303841
347.656225
278.29583
235.415855
368.675417
297.918161
335.833486
189.555719
139.149242
227.874004
191.324725
157.264006
295.852962
378.159512
351.446772
286.175375
360.199034
298.700534
328.476384
271.87814
380.272601
336.854614
171.013984
157.8367
328.876222
278.447771
365.143909
168.712132
355.164827
361.288672
310.726716
316.222641
337.270212
215.562091
165.248326
348.146473
321.809137
363.911066
288.726403
249.257493
326.762015
282.541125
319.116975
327.728194
373.884475
272.289614
330.586076
158.377544
369.014417
225.768963
283.896459
224.610192
351.284228
225.281961
317.661321
373.593839
311.43747
195.606116
218.240198
273.291527
297.926584
122.175955
247.740104
365.594332
374.846828
346.899996
350.397609
252.142406
155.620367
188.611575
349.710826
318.664498
141.5724
325.346507
365.262398
245.50672
289.675045
349.886437
308.872246
252.305331
358.227393
387.823767
343.777186
231.029532
278.768514
235.622041
363.474411
351.787292
307.662142
321.292721
289.188867
198.154196
271.594898
335.812769
328.374528
153.013684
335.918032
376.741208
295.244882
338.168093
240.947152
347.613724
271.023803
281.235091
304.538077
353.20513
146.17709
239.69423
308.945122
279.306839
354.989455
189.08789
307.2795
297.537484
211.656073
236.961524
285.249532
181.422473
276.974072
292.674774
307.052487
320.093798
360.984135
251.205103
304.62248
321.650475
319.695064
368.197203
372.839639
187.944821
377.54675
251.707482
282.954855
229.916209
200.80667
315.504796
235.204524
283.044118
340.21069
354.416346
303.687401
252.828593
219.629768
332.485221
375.123343
335.581065
367.276081
327.543217
187.533715
149.058809
289.273509
365.29774
364.77284
288.417132
254.820202
301.136215
285.544481
299.803293
227.242261
311.648866
204.077167
271.356837
138.612958
310.511732
346.489128
289.559846
308.112814
252.371239
372.596669
351.028822
233.540661
203.197321
245.019549
348.446535
335.562049
260.392771
256.397196
288.682657
370.536966
224.875983
246.004548
359.128984
224.088371
366.480306
319.556255
283.71089
300.735795
117.524228
284.807475
336.706614
358.993558
267.110249
242.11127
318.956976
324.604085
235.913481
247.025452
307.497405
343.459375
235.582971
305.142279
311.180618
346.720817
264.330071
332.514728
235.457044
379.655892
168.246999
246.98718
316.71784
195.609076
213.93788
366.01405
281.750423
273.562751
165.950329
375.000611
138.610819
312.937949
336.384745
371.77351
385.248783
365.832397
334.484283
373.118758
195.221755
325.810977
382.431576
372.807496
310.442382
246.335459
336.605832
227.119165
135.68376
312.009033
216.986939
373.725168
264.365946
331.974239
306.984101
388.445048
281.323467
324.13964
352.45419
385.621983
328.525434
376.69397
164.819136
383.510201
320.637326
198.17177
365.26773
255.362103
211.933506
246.75507
327.152363
344.259904
286.124988
292.879826
226.50456
365.284314
358.449233
385.238948
326.400669
234.09086
384.061999
230.509081
341.526524
375.106964
234.230296
265.883198
228.674947
296.623717
274.164811
203.526083
317.141938
245.53993
249.608479
326.595231
362.121406
301.265481
293.225838
353.933149
325.883231
172.516255
168.697626
298.707494
380.948202
280.866333
276.740873
389.088314
275.09568
248.16725
207.223588
292.79223
341.102424
365.100778
262.791346
314.200633
315.24881
318.2925
284.178496
388.47561
315.419323
310.88345
179.802561
127.888659
377.073818
298.452654
256.359718
339.798694
280.373557
299.570318
316.560704
323.74815
205.469686
342.371678
336.222532
360.534841
295.008479
180.91118
108.896636
240.73792
219.664715
298.997622
319.06653
362.537477
333.350626
294.242625
291.55382
187.121483
302.31238
222.729011
225.846529
190.831847
312.135642
187.648786
234.951767
348.023311
296.422929
209.454687
282.480722
344.705188
250.921448
355.302348
230.484188
297.99115
213.635593
304.491465
275.300032
329.640372
202.837869
244.944764
315.374322
351.909706
357.550433
224.912224
312.053254
348.984535
368.585066
312.508774
309.016392
300.769633
315.811203
164.063483
372.609762
195.444867
355.996271
319.689235
358.830299
275.258726
311.558589
285.551937
255.081626
324.916319
340.036942
360.351423
298.469866
312.369986
209.158977
254.514635
363.383163
379.378522
331.774839
330.241554
346.731043
133.327821
319.069113
306.47163
261.971467
313.939619
185.273438
223.224121
367.574592
359.798486
305.878707
221.791552
209.192812
337.285686
266.545044
299.212394
374.808057
313.495594
352.773677
386.598465
320.14834
268.424946
352.46634
282.667551
273.82165
201.111363
334.644118
306.816801
373.253414
385.416375
355.078582
371.082737
274.856722
391.879347
129.419387
385.370234
327.118926
151.759246
351.136487
367.757015
325.023471
324.350463
282.66441
249.11625
243.326183
374.191323
389.743996
257.811852
174.999107
323.103893
315.62745
381.021385
259.367182
306.458478
359.142194
273.177194
290.044951
305.321322
340.415412
344.669302
346.505144
329.452763
194.97249
203.87046
380.177908
299.357104
373.211806
341.419335
324.195949
239.258735
253.958165
289.74331
385.264278
323.337142
320.559322
348.246039
140.814627
208.754103
369.977867
128.18867
231.953626
306.637656
280.731615
331.815426
220.604264
371.705017
387.018648
356.385459
190.207597
254.672136
327.019142
212.891898
305.178219
248.118167
325.799174
327.62889
316.17695
245.25918
280.67511
377.144647
359.151172
323.055854
227.495045
383.20347
355.101527
274.95918
378.290655
191.891416
335.586229
308.318002
250.385081
289.063518
276.722516
383.664456
136.468038
378.725741
389.753264
350.723204
310.53075
375.039807
363.345853
163.520944
263.164245
179.704871
387.505362
307.317154
309.863057
389.931076
318.214245
249.745169
359.076382
374.542723
322.697472
335.746106
321.720171
279.193275
380.563349
327.828952
359.566686
373.168345
381.449476
340.417026
367.303959
158.872261
362.733044
338.251818
177.535657
262.738066
342.792697
273.30206
127.079402
277.945259
273.84539
341.382811
326.017233
384.182
389.970587
365.866711
285.536554
156.793386
307.721678
288.969279
342.162524
334.356818
330.691382
159.430149
230.545911
368.321881
200.294934
305.845036
295.125547
306.702703
381.184523
238.756337
340.416414
309.120626
131.254284
239.007395
261.92965
361.685636
273.023757
325.399934
300.239738
275.931968
238.217571
365.891917
150.343174
151.634489
304.723412
275.354947
365.907558
371.928312
319.336117
346.569225
232.185358
140.16625
313.396364
293.114828
341.943012
223.351801
273.979068
226.077139
303.476211
325.038926
142.035723
308.908411
246.580302
259.61823
335.118744
280.315822
346.769386
325.199775
348.552149
347.795224
375.744145
303.447641
335.38954
325.211722
357.953993
323.693758
350.142227
354.49881
328.273069
327.382567
234.521646
283.481543
362.363158
265.855506
273.043186
374.862623
307.502704
389.69719
195.538157
332.456398
170.060442
235.983844
316.181091
365.810044
334.386149
228.629008
327.147231
227.8511
172.109136
327.275446
138.948026
354.050996
193.137371
304.824022
276.336199
358.771426
222.42348
257.585779
194.294817
336.331394
294.502462
267.995584
336.162909
323.437707
317.851192
346.358784
359.399365
281.216302
264.253842
305.620496
303.950679
336.442375
192.617858
249.155916
333.838814
360.176695
372.422246
322.947802
321.050251
146.834949
383.404784
359.236268
294.761132
191.265986
331.994415
374.393658
359.280176
376.901588
343.844678
301.670352
265.221895
317.721262
300.467784
221.792859
263.428344
291.34227
336.291515
293.392737
381.919846
192.817431
211.526909
324.786192
237.76899
273.927479
326.509895
365.997596
359.649569
330.28787
365.063724
391.553349
102.270843
335.081766
388.943565
378.820994
207.149076
388.577041
328.860656
271.86694
343.867693
381.055812
365.535092
302.500455
263.638322
381.465402
240.729871
209.435058
251.404833
314.6977
292.341167
201.409534
181.365788
242.991439
311.761721
171.302886
272.231867
371.61801
370.121627
377.794039
298.292625
226.424651
354.157537
278.101647
329.956139
374.044205
321.260599
332.730705
242.156136
313.194746
354.326884
112.356811
273.53488
234.490721
348.226777
329.526892
361.084352
360.375261
361.838486
359.352007
331.288998
212.799285
356.780321
262.170505
283.737387
180.689232
336.06288
284.210851
379.410188
267.234309
287.16001
305.070324
293.675055
386.38433
292.538883
343.082764
256.565915
366.377143
313.837507
339.325598
327.570362
378.451589
177.76122
364.0453
320.374991
254.895176
378.433375
350.736699
345.015028
338.875589
319.25727
326.246749
333.957422
299.766169
325.330105
285.053405
290.507939
264.051746
203.756047
262.770994
281.713708
319.199271
332.811997
226.750866
292.471535
190.266388
219.141231
321.642674
259.213534
349.582212
376.225771
340.554664
352.390777
369.833251
299.99838
194.992269
312.210645
310.066246
277.716678
302.701518
331.500638
240.905582
217.348357
373.06798
312.271492
317.400551
384.687593
315.504552
279.139064
332.883089
279.516445
246.183178
363.700495
321.381701
357.612371
365.044852
198.594332
388.2899
367.755398
227.618944
302.755821
389.861559
361.347655
336.638109
380.055916
138.84476
257.288259
205.167728
371.395308
305.795446
325.494729
371.153972
253.793444
361.400924
227.420463
254.829917
210.085875
332.43637
370.718277
345.717483
370.885266
200.313363
255.303162
255.277291
274.718546
149.985118
274.166146
358.559542
218.371217
234.505692
341.197776
316.781388
303.261485
279.783824
354.81905
258.656576
224.108715
303.988629
242.259971
195.636907
265.631182
244.781844
269.579924
361.447372
256.798971
141.777177
309.745945
368.15585
330.983918
321.970558
314.753215
331.500252
293.925747
353.821521
364.623029
256.701122
241.941378
258.028242
323.303175
134.668587
326.858238
279.04959
258.047715
201.800073
220.122538
316.316697
306.552783
340.889856
363.507426
342.149026
189.06702
350.405832
233.219456
257.971629
178.948711
212.203795
148.813142
314.586779
220.632632
283.123963
285.011559
297.23627
251.369317
384.775037
277.648455
149.903093
157.52237
179.743915
261.627553
343.100628
264.081256
309.128978
344.648823
355.65338
262.367431
227.086124
302.809869
363.368273
165.857926
326.442433
364.506902
331.068026
261.969811
336.185588
276.37352
313.917194
244.105013
217.785689
111.51192
358.820205
346.094386
379.70949
379.02771
226.767405
273.401858
332.274144
324.665896
375.291506
358.076585
351.447562
314.866335
259.087595
297.451218
285.969068
240.356653
306.38775
294.597072
296.739356
340.740206
380.499791
301.947241
271.523258
306.926151
388.880251
342.351853
365.842306
125.707329
353.256449
352.690981
355.770854
136.546607
374.507327
357.630522
324.282596
322.297441
316.65696
267.205553
185.648925
342.278682
263.947921
291.973237
367.792866
375.876204
386.10191
349.399482
277.820322
149.992119
304.128164
386.267451
267.57838
290.880036
330.063617
319.803144
368.068388
257.068543
301.47892
169.774073
386.654681
296.795051
220.652267
376.278907
229.382799
250.390667
340.868718
320.124155
343.03264
210.483817
377.705166
184.418009
253.166085
248.104819
195.418764
362.042856
304.554071
365.921313
367.624619
100.422185
205.897533
358.958638
291.904123
388.402547
263.706404
334.158355
204.015732
379.364474
296.727627
298.748706
235.178892
322.957465
348.387871
381.496404
197.9835
254.686426
326.300132
229.876328
206.769539
323.324078
384.076744
233.341312
267.283474
147.823372
214.575044
346.93304
344.391417
361.746422
373.433562
273.867444
345.775927
372.426349
220.609743
314.667393
199.333741
386.242294
247.07397
222.555784
186.587728
312.340854
326.995943
174.775714
390.49032
283.637698
263.863417
331.058451
370.070904
232.623412
317.746876
298.999761
381.611783
269.138305
329.61097
380.295834
348.779685
197.595808
388.513889
371.751132
378.913058
340.118709
353.999865
266.896665
160.406733
330.031644
131.982808
225.102472
204.546709
219.146617
318.244018
226.171175
353.423934
332.59233
328.338206
173.241711
256.133439
321.785352
245.125681
311.462217
303.453275
253.068407
329.973021
306.170062
255.713057
355.439002
267.633261
195.833675
193.809115
254.446837
202.073888
385.001365
378.221326
326.235629
376.844584
305.031127
317.106273
250.123262
125.694893
330.808492
322.193054
375.014065
244.823859
348.94599
367.474299
222.744695
392.107484
345.706863
206.368325
247.199334
316.936633
322.302479
92.210294
376.744511
355.98521
298.818405
122.401509
302.715395
304.076966
196.210864
333.063337
212.269375
206.091557
369.509317
321.249567
374.069408
382.144983
290.2288
265.316456
338.409025
144.982038
339.534863
252.514154
213.526433
206.080499
226.846071
152.420809
191.382492
392.209375
286.135033
239.580881
326.019726
290.679181
174.753547
381.423902
375.095784
141.358623
268.329568
157.626341
307.466076
270.932804
385.006224
272.258298
234.438744
256.733283
339.174837
201.673772
368.206248
205.103204
181.376701
353.365046
152.713791
124.704413
299.692072
356.029434
280.934494
285.009297
271.414898
289.805869
328.025742
238.90031
340.941503
295.396127
377.563203
129.053781
185.538343
280.332199
310.859187
383.266549
333.848925
323.36145
295.523089
196.913181
241.865036
349.786556
363.960049
211.456376
312.405616
353.31844
259.346608
244.651929
325.844613
268.430806
307.305212
358.819465
307.437307
227.653345
380.090013
321.567545
338.470058
349.397514
313.255177
302.352569
286.935296
293.006104
346.293442
366.372155
371.106643
345.929002
125.78495
162.603267
247.91912
380.144012
349.805527
254.420672
218.017141
243.251796
353.133736
344.39651
283.573421
295.730399
347.58777
320.778189
357.103106
333.901658
303.477001
177.697444
211.141869
139.474787
234.277435
370.207911
324.736704
257.46763
211.913488
375.371078
272.123631
318.991148
277.95108
313.237104
282.228926
327.113543
209.176387
310.380754
279.201124
340.681362
208.553442
187.258068
293.633905
211.537061
295.569134
264.240198
250.930538
326.626421
313.564296
277.846754
325.799661
324.912971
296.398298
362.391595
336.55342
170.857436
331.264528
334.159214
116.918763
193.578221
379.377918
196.131703
340.832046
348.628315
362.19464
297.57194
161.887359
218.963171
252.257213
361.769935
185.013896
304.072385
295.082246
176.963164
383.201811
284.261205
190.264379
364.819445
305.590076
284.589527
359.524714
244.952268
375.326363
310.493946
336.753967
258.626055
318.642591
355.58955
285.90956
357.946545
324.428296
164.68923
281.423268
339.155197
341.831274
364.894903
280.196877
346.329811
362.507049
387.415369
288.410929
344.014576
240.697318
305.475749
369.363428
320.197778
366.198016
379.433873
204.061701
351.988535
190.565695
278.129574
266.978917
224.503575
336.984551
345.837112
350.516223
274.771155
154.36552
159.484304
373.315425
347.51462
307.078884
163.098258
306.852019
196.957907
382.077226
301.402622
383.005692
356.599625
288.291096
248.525078
214.514824
311.188894
210.447236
388.156283
313.556693
306.644788
385.307379
182.207544
268.46127
340.636243
335.402971
229.409468
262.909982
335.092123
365.842874
365.581753
335.524123
301.376918
374.25944
290.605692
356.312184
232.094521
387.988167
245.748706
203.598242
363.837154
358.067873
384.14515
357.38753
265.909674
316.788921
387.115038
367.742014
351.887964
314.219519
380.343368
379.373061
297.942383
285.050184
299.994967
356.551708
227.200309
326.819022
319.003061
356.884952
249.005016
269.154667
215.183183
249.967185
335.586537
260.088384
281.541759
275.226615
368.656142
152.332222
320.997371
201.391655
327.984782
366.08309
358.773627
379.363119
263.055308
311.451858
303.973057
279.350236
289.050535
341.174314
361.941634
340.407968
352.203873
235.84076
339.602061
337.76694
243.085
295.291522
359.229679
284.308208
144.917736
366.368221
365.411826
258.545047
141.976626
309.503196
246.052339
306.401588
388.999779
172.764158
214.325521
279.036856
209.674826
285.622438
249.329056
371.638014
378.884761
344.079067
346.170332
327.290698
359.754816
364.65212
227.761567
301.496525
275.58857
235.306491
323.066305
294.224107
285.310066
198.887495
373.427297
325.642713
144.841189
388.813427
345.036407
299.945438
292.200045
382.061532
391.220181
194.227629
361.329553
172.363695
359.507855
352.348327
241.535123
255.105745
268.871105
209.782162
185.257985
356.057215
331.697515
284.230068
390.019261
378.819485
381.222388
362.745907
371.881132
288.305166
255.976415
226.881197
375.726168
339.017871
380.121681
392.426876
300.96359
231.653063
275.10377
292.506215
245.660872
306.765254
284.635757
308.481544
262.708051
231.326912
340.09266
250.397303
374.094473
287.55481
255.75789
351.482924
277.354233
280.395718
246.624614
330.345949
296.904093
374.221617
261.341287
364.71094
273.711813
316.278573
262.028258
353.280346
319.302418
364.038583
348.669294
236.780912
341.531373
252.722605
380.411594
338.555048
219.970385
278.638474
309.544165
362.761295
254.372497
199.805309
246.73506
362.961893
319.852944
317.412463
288.460148
301.203374
210.758979
131.884496
288.434576
302.364433
339.914026
286.890142
220.181794
322.601079
271.629441
249.259302
267.744591
197.63055
244.372229
315.78634
258.611413
124.35621
236.1395
359.060597
331.506126
367.067857
311.35006
350.365231
352.574509
378.20449
378.50385
282.07557
374.036264
220.937392
307.274644
314.711641
182.291164
347.141659
283.591
174.016374
333.815944
367.459932
219.447703
303.509169
176.059457
353.870459
269.707758
301.887032
376.333871
317.58685
268.777828
191.756841
180.461833
356.329847
278.822618
309.781015
301.976301
254.088738
208.570034
225.038926
333.020807
143.133767
322.191293
364.255766
298.827769
279.905598
345.554589
194.239028
325.982571
345.814203
300.787481
381.372091
336.504206
318.256893
316.350315
370.302437
335.3722
345.891193
266.083199
346.396314
344.486695
333.499434
299.676042
249.612775
371.824374
333.654865
383.163553
256.460886
213.65305
370.036086
324.119067
281.315151
269.728643
389.432545
355.218257
326.22682
311.655126
378.058533
280.607479
271.503456
217.705682
304.796955
350.460054
336.346569
287.982005
311.882192
339.165108
305.297278
312.828758
204.274162
389.723651
323.292852
379.817309
237.835174
366.304617
271.81395
319.780609
347.516214
277.73442
264.829281
291.642158
306.171618
143.607799
167.281745
146.432323
176.265292
255.334494
295.546049
179.521947
364.186267
275.471009
278.451522
232.032608
248.833831
195.479458
363.044586
383.77228
291.102699
358.485471
287.066419
197.002483
195.862119
347.774067
188.217701
293.649608
380.981882
373.556567
227.652834
319.332453
260.48772
384.44206
264.02261
307.684245
290.403783
380.192788
334.660939
289.647169
370.970172
305.957613
351.675942
332.806373
388.529276
383.114819
309.777434
339.837276
349.265812
350.31895
380.115229
242.861762
391.386755
360.591742
359.410086
212.447442
137.521149
344.826509
305.15789
369.54576
299.297294
266.633754
297.326476
363.577139
293.333263
303.5219
368.108989
286.091096
193.082806
373.237905
338.193913
350.180062
289.133106
354.412574
386.328109
223.500171
361.114872
208.134938
365.715658
360.873358
253.912288
294.778831
179.716514
265.587824
349.039873
331.018758
251.579312
361.479333
343.34973
297.290065
348.792317
246.173234
357.619413
370.342595
330.19197
257.793975
263.084676
288.211823
195.002294
390.346984
359.079268
246.270879
179.365182
370.011001
178.135522
346.655992
233.378795
208.510661
258.807134
322.167831
273.122595
267.589124
363.024295
267.94853
322.933205
383.297744
348.456867
320.079551
271.818875
280.382143
376.713934
184.18788
375.128607
242.54635
200.166978
244.70546
229.133529
176.585084
291.426244
332.07628
293.514065
299.225671
214.780925
327.398681
185.325201
272.709869
354.047745
351.464121
320.534682
166.569325
338.441447
297.843118
362.549873
292.199503
241.093528
233.759172
325.193473
144.697979
292.654446
342.724604
374.255301
324.511925
380.215033
200.457958
377.978579
388.48023
273.118126
376.445246
249.462726
327.145447
384.526637
271.277391
332.15293
267.818217
188.158811
319.429237
159.069921
349.29382
164.541698
346.245894
208.118156
291.108428
121.005369
332.25806
376.72282
373.090999
219.175855
336.953497
367.445812
304.188517
192.208661
231.41171
323.202546
372.615257
232.41962
370.993939
251.756576
232.317103
297.822009
379.405078
299.423394
309.259173
190.063269
196.498643
383.008728
155.569222
373.554304
150.953156
251.672972
306.383734
259.049925
331.234375
351.608389
148.880384
254.80237
326.659641
132.793584
383.258752
244.671742
331.366865
267.920241
372.931457
198.120573
341.504422
229.596306
304.129526
350.066568
350.857518
365.430788
290.112242
385.163947
260.484523
371.658892
221.69357
316.741591
241.415408
146.268268
170.165796
319.905151
229.922888
380.737484
387.727257
236.814344
342.489237
337.471029
317.218159
280.18621
231.705052
146.459895
262.406418
229.066219
371.840035
322.380919
209.224657
332.805988
382.972062
271.907449
266.845075
391.411792
340.252753
273.923281
168.759195
105.930741
211.440701
391.318576
351.370906
287.223414
298.669567
352.03959
346.013812
275.999678
383.702161
224.989792
384.647348
292.967103
340.559517
309.875668
278.039562
181.397384
372.571966
291.527208
312.927207
269.556538
304.846922
320.91797
379.620583
263.953647
339.580232
358.403538
381.038924
170.324223
330.904328
273.244048
298.26841
278.238056
346.557265
365.253817
243.129775
377.449024
306.778
344.676002
320.829789
309.625395
274.03027
336.399405
387.337901
270.812201
254.140796
313.601733
376.786129
242.378283
307.170239
206.763142
213.012186
378.181147
333.569091
385.145859
328.684459
368.220748
258.664442
280.299557
387.350462
376.977764
331.793783
355.576864
309.338471
204.788674
207.084801
220.462902
229.952739
362.617017
294.164528
290.589899
337.68213
360.395783
195.537346
315.154372
288.383915
278.51896
174.209487
264.231234
388.823627
373.029255
346.997064
294.852266
263.197061
338.430177
374.862796
128.220436
192.282458
378.961857
310.202028
292.435932
133.359002
299.240439
296.856777
231.795474
304.270411
228.870518
167.464366
281.715951
236.354595
264.434398
377.164581
354.135792
151.104262
241.910789
359.136397
334.447833
372.688782
190.406678
370.238488
372.390292
314.108333
344.082028
310.66217
379.652203
279.825293
384.8967
257.209627
332.540124
283.621305
178.803192
350.633799
391.497029
343.753209
338.304278
259.33164
347.066467
341.403835
298.779199
290.515712
243.848472
185.005037
244.267385
301.922995
298.81793
388.729251
347.183334
372.110664
333.225334
370.137694
359.217033
241.76168
258.459111
172.422835
245.445841
385.570019
345.988922
334.418048
284.967316
231.042186
250.816438
272.258826
281.925084
280.773803
227.016626
361.399657
329.818298
390.895109
290.315733
186.787339
246.670298
280.139022
235.091673
315.480679
235.85033
272.881565
292.224981
330.10635
275.431596
286.984263
302.875547
144.642238
215.473955
378.213277
289.600682
275.948928
349.444424
271.37191
392.701525
340.806841
334.510406
377.765593
255.915088
325.652986
304.938508
340.60839
368.430234
310.692264
105.260034
224.93928
359.532346
385.817538
295.563857
304.692398
273.566253
327.217709
223.540845
243.38325
331.15909
360.536166
303.354247
310.666443
213.639204
315.616393
264.771082
325.680309
380.373812
311.358117
317.67437
305.29036
364.587875
257.511351
201.287202
198.70662
370.372728
320.097125
343.556714
364.454822
228.008713
334.233394
139.977591
385.373242
190.727188
245.519943
303.351806
336.646567
362.767631
310.980831
368.956736
305.525582
375.468605
238.908029
214.474516
293.552584
322.437397
296.246994
292.55081
257.056225
267.733862
256.954913
288.440981
278.509589
132.278824
256.323732
293.167144
244.463496
333.303137
357.814033
319.07296
299.146192
315.584647
319.119603
245.830305
204.19171
268.152307
356.069297
235.422029
285.055956
386.158388
340.113393
213.944247
248.728211
322.341388
305.359905
376.209111
267.545176
315.371949
151.547142
293.355421
253.913649
389.592895
375.158849
239.006548
377.908789
180.239196
268.422726
345.467749
217.12984
156.997522
325.870686
355.021249
378.65493
295.13644
187.702367
315.685395
185.882875
333.543418
175.814263
369.558432
343.788976
210.274496
319.368398
324.536711
389.86696
295.148361
146.978988
351.084346
379.466585
330.410632
256.428867
199.25211
249.037817
366.069033
168.188949
274.373929
381.440269
249.290555
318.649406
303.500465
292.846698
382.299906
130.532225
333.124614
369.524848
367.558451
321.819341
379.847203
341.131673
299.949297
367.440662
311.08286
377.205227
327.149387
327.631512
378.575394
362.191186
390.635805
377.239011
343.053306
377.700938
308.971875
332.599797
229.436349
243.748175
360.297123
382.22197
262.770238
282.194417
300.545511
379.007977
217.545567
324.401909
313.267426
373.229393
342.791251
312.952402
291.603593
203.25635
238.806941
340.903256
334.17152
362.48675
315.584662
345.363225
251.504675
240.062915
317.39729
194.507985
300.900445
357.679902
367.92818
386.38693
166.815456
232.564017
273.473751
326.437827
290.156766
330.79976
380.892552
295.615529
311.12216
360.939954
364.859829
347.776549
228.502517
264.003645
360.228438
190.765854
275.877991
326.598703
361.849968
327.587041
270.29753
262.044573
196.665231
259.788378
246.479486
349.872049
151.306582
239.84124
236.049791
121.290453
193.143961
332.152758
231.543191
242.360167
280.085778
375.220544
363.631512
297.058803
322.017524
382.475245
312.098261
309.574499
275.749638
230.976256
335.628817
341.50891
363.939792
306.033201
369.143367
388.520533
288.693503
349.95304
153.593242
210.366548
358.899972
385.003596
285.473267
340.495759
368.194717
381.640571
273.109623
355.173834
294.076892
309.579314
299.126132
334.011946
328.829008
370.058821
322.856239
324.930289
364.509666
348.693334
189.409993
234.722716
159.068305
325.314944
341.08232
321.423141
283.035183
243.479706
376.549896
220.41087
277.579646
306.5705
331.46281
357.637449
220.110938
369.241327
140.557006
311.877306
248.285456
233.4914
315.550385
385.792533
378.347065
328.368501
361.903957
243.643459
297.182993
319.056571
361.76381
247.322871
337.302136
276.139328
389.86667
214.976886
364.913543
376.218281
391.076849
254.785255
309.20604
315.43848
173.879563
204.545979
316.326455
315.867181
358.21206
233.985746
328.507013
372.019609
267.083237
332.847704
375.003778
180.591487
289.585961
113.372155
386.708598
373.185206
270.122601
262.23034
132.385042
269.165526
286.191953
385.588163
382.392467
356.480961
326.406025
350.992225
346.770495
270.772611
282.591754
391.290057
241.261876
204.548945
362.167682
313.802525
345.763388
291.054448
209.582944
366.929737
260.373769
334.65591
328.540689
311.344273
295.205933
383.974962
302.602767
341.119218
313.558505
265.670081
330.833815
256.059502
133.574828
215.816118
288.850551
319.05826
360.508211
285.577894
382.630856
336.808394
238.705952
312.680918
292.621727
166.488408
199.423432
247.594691
231.350098
314.664737
213.748858
388.316027
354.115206
206.434142
377.677163
239.425218
298.392868
374.004205
356.205395
316.751626
359.883016
302.297322
221.674583
264.638327
332.786521
334.028355
156.990224
383.350808
307.94891
287.650124
137.766475
131.633378
315.46349
199.498937
336.706897
386.310553
274.510755
328.077826
207.370771
319.413739
345.285772
158.962053
384.274829
329.902908
248.650614
288.788849
372.459067
263.061356
268.207342
214.178294
377.015033
241.909862
181.131822
300.481965
355.796701
193.175507
223.060526
332.201548
320.145316
201.817342
382.889279
296.580219
291.142325
374.322357
351.05523
358.212807
348.329329
270.331656
325.793073
256.426277
375.48749
234.756213
325.923697
331.63566
192.726873
365.152055
287.558243
332.350058
168.898813
381.317141
284.904514
375.957562
320.19434
319.385388
322.84617
325.965344
250.569216
275.655913
386.258504
253.399211
273.030062
302.155649
365.252241
114.4662
179.628159
325.213975
183.449585
249.683046
389.730137
267.475558
381.182057
282.871505
224.690187
387.706641
169.165497
339.012044
335.680874
224.980251
307.628024
289.740764
241.769589
345.592914
316.855819
321.061411
355.620509
188.896447
307.197853
215.372124
378.678149
283.54208
154.531721
251.105088
160.599016
281.113311
303.644834
278.98919
334.805666
307.36543
310.305498
130.444548
304.780818
283.957425
150.646217
380.46111
278.362301
182.309169
345.619203
346.170757
371.872908
251.022022
245.158169
261.104852
274.526828
284.636591
213.042902
179.491042
319.507693
137.179636
324.027731
204.943692
280.870766
297.528487
319.769941
360.453116
373.933838
321.010506
274.39174
375.333376
162.470221
380.539624
282.276134
373.384124
321.553929
379.126909
162.13886
228.406297
283.286457
313.988125
345.106404
386.774034
318.562946
372.427545
350.015124
351.222298
197.565052
274.714565
221.743878
262.927608
391.017805
338.837128
235.21298
335.568265
241.960274
238.07316
390.935287
384.017403
156.785149
386.73124
189.27741
297.215227
387.962665
355.531074
234.206261
348.923368
343.895756
328.205102
378.955934
181.358267
354.129714
243.741279
190.316317
304.023179
302.948827
300.161203
295.205735
280.189463
349.806951
344.740898
209.39448
320.75631
332.191264
180.162654
262.514812
366.186372
384.281481
164.900756
269.610233
331.209783
252.293193
377.020887
278.2658
339.387267
166.879395
213.681253
350.1858
380.139161
297.387791
374.165383
360.313903
323.152643
212.500332
380.626023
251.536643
384.091756
339.120891
325.611483
369.211704
303.862008
380.535632
328.97527
370.09373
296.072584
257.56771
330.886384
276.949442
115.23693
266.58177
325.143735
291.058709
384.506351
364.900784
366.507804
324.599031
268.370897
328.255362
362.734449
112.587503
367.382328
284.093389
239.236625
210.451404
321.841686
257.349831
320.294774
326.957673
320.092161
332.300145
264.491751
284.224976
355.926611
351.277282
268.670696
338.005367
306.56105
301.262674
130.984429
333.955784
303.82798
275.452066
337.044443
324.988509
234.319594
166.444213
303.49941
369.473728
325.035975
365.214711
324.910848
330.807461
361.09583
337.967702
231.08198
233.736607
277.015336
240.127612
281.47567
382.530625
223.327837
357.185739
384.452561
367.32077
291.644995
261.890807
334.733845
375.947289
273.674612
372.31651
359.002587
235.396803
220.679803
236.324783
379.540533
362.560544
373.40655
252.030314
384.185087
249.561135
300.235588
303.926132
314.157213
251.661352
328.546218
286.306133
172.360483
273.34218
252.451611
324.353025
183.685536
364.689279
349.005083
245.443714
365.750982
363.546758
332.873204
292.304649
363.161387
363.957704
242.897245
387.894844
327.244186
259.645173
323.772291
304.574806
344.134853
326.102831
246.651463
338.996772
239.091592
255.985913
311.227319
390.578953
207.978369
226.153494
247.597081
255.775446
265.518132
186.647733
257.400661
335.186623
354.930878
365.961055
258.069794
188.384839
187.843348
382.021041
352.95232
208.904193
192.828632
343.098946
261.04053
365.748501
239.716778
323.189338
377.391341
388.374916
311.040068
297.255256
274.408479
364.108195
222.19291
207.35576
377.981828
328.75298
357.127022
235.50423
363.228958
375.761638
382.245173
368.513937
364.322042
295.859208
254.746993
183.773943
266.960566
319.344258
285.752519
141.445209
352.49444
389.216923
230.386474
288.765591
300.252528
324.608827
182.695131
372.366488
294.079964
257.704046
235.767661
325.724595
230.743683
181.555021
341.319891
346.353857
320.797057
286.645711
241.380282
154.527394
272.568866
231.987096
339.855606
363.409202
372.297822
315.931564
198.465354
294.898041
336.650266
321.811257
181.563833
207.645353
284.697541
239.397937
352.686563
202.085037
359.467313
216.615429
265.520457
388.937835
252.303329
220.011236
349.466008
184.246205
165.779221
204.704658
329.661756
247.310134
309.384089
330.627848
321.749934
266.691577
390.936524
324.609407
349.193936
356.397763
381.497137
267.395222
378.167049
326.941053
233.215862
340.448899
318.785436
294.299138
302.232944
380.964883
309.077733
190.19501
234.026545
202.057388
292.493201
365.852484
169.195742
293.475699
377.144501
378.154774
240.16175
350.214659
358.253112
207.545132
268.916971
346.317093
339.518933
280.033213
296.0623
378.083595
343.472324
285.123019
315.526252
211.382902
238.192558
300.694581
349.575633
182.151525
293.151042
385.133355
278.467198
223.162339
372.711866
273.930194
379.724911
366.79253
349.477245
351.449595
310.080856
310.035196
143.264847
295.998338
174.938763
367.548717
312.851919
201.255899
383.600207
300.1098
377.227492
361.359258
329.779819
384.81753
334.796207
252.384571
287.986762
184.580713
360.321152
353.61831
330.029582
391.444048
267.349317
372.89966
297.884839
351.877681
223.759905
344.359679
265.168428
369.571885
266.806944
370.752191
381.046813
331.235829
267.594007
191.390373
238.821861
347.171039
345.666277
332.156529
351.65928
338.570586
381.925764
340.052701
168.904737
314.53885
283.058559
368.845284
339.465049
381.611845
154.945273
319.821732
208.443375
291.051666
120.068515
279.725259
296.706952
273.917133
209.006634
118.520872
311.046032
370.007525
388.202598
308.413925
128.167544
358.530018
325.326501
193.453291
249.569251
340.894384
327.399821
298.074806
387.434605
244.442756
215.245507
355.437638
314.790476
262.927479
357.546766
338.367839
377.122716
214.132634
297.130403
380.080176
204.442292
346.713616
306.567781
330.739356
197.558426
363.553846
242.249233
335.773118
326.833298
279.456901
218.022012
173.282753
376.818836
264.214021
248.109469
238.274534
217.264861
280.697776
293.411107
290.879506
388.094236
184.712183
379.422785
366.369489
236.301641
271.306404
339.926089
327.863774
268.182108
122.712516
289.94013
320.605373
298.575532
317.590025
358.185021
316.367216
373.206398
327.881605
263.231721
168.137097
256.882844
298.224455
255.296833
375.734714
282.245487
286.069529
275.479884
388.452016
216.228434
317.340789
337.244414
276.258579
371.860716
243.074687
242.151163
364.263625
190.015077
357.87114
305.803516
233.650894
199.608359
162.553177
259.534453
219.811505
293.781434
356.532334
343.320507
235.54248
276.754855
349.350825
289.259529
346.006645
271.26113
274.445918
360.84144
303.636524
238.549154
271.66899
342.221258
337.090073
197.365667
304.086064
164.521666
388.468014
349.725974
336.096164
377.093896
310.394203
388.302219
250.878145
354.522998
339.754422
235.383872
263.10553
261.037782
218.117954
173.488474
360.530418
285.650603
306.570658
375.444174
360.514012
346.546842
318.480348
180.040222
215.388886
313.836024
352.551363
306.373147
224.645509
351.514296
260.452758
264.277668
350.428503
344.287693
232.965653
299.851962
340.575165
275.680781
387.145825
322.801437
368.488182
331.619349
286.310554
367.464665
370.007815
366.335708
255.423499
288.918986
361.508728
375.588936
323.900888
363.408034
310.173226
367.882175
314.385438
355.747905
362.416199
278.256847
337.897753
302.274538
345.896221
219.76998
311.194239
194.130187
339.256852
304.679924
295.058376
382.555675
337.647101
373.068194
361.666488
371.576319
384.274499
311.981706
331.268404
350.548847
129.063842
373.502444
283.254282
387.992855
298.729163
326.125298
206.590381
290.334801
388.684054
383.578421
376.530263
224.331112
311.483131
152.801879
277.048478
196.333493
370.303879
163.083903
331.497693
294.564863
288.964057
303.657789
235.945584
246.868753
198.856024
340.586022
292.873545
356.03857
388.553221
263.093674
297.657463
332.41752
221.578612
366.023451
310.399792
328.170658
137.097155
206.747189
387.472113
336.962608
208.924646
266.184065
206.465305
148.674978
342.111891
325.158934
260.65121
369.314991
113.182026
356.245128
349.98248
243.441164
364.134084
217.68173
190.650035
237.69641
111.494075
196.290102
329.506507
347.24547
232.847623
283.728021
251.598321
139.149294
346.051348
301.540141
166.912683
191.089726
262.700282
287.634968
300.713984
235.53756
370.296923
356.643147
202.061142
355.360195
332.302009
316.677949
375.741071
319.090376
362.63079
267.446054
346.392301
368.000307
240.927879
319.710939
223.467936
381.741837
254.292834
149.550975
335.108849
208.750657
345.520648
384.864625
276.870744
351.576776
199.086464
303.986524
212.588201
269.572983
112.264295
210.424202
312.157734
295.887645
354.269419
223.487499
309.883933
284.919832
226.749968
277.554581
146.750609
340.879523
364.635057
347.841272
390.409868
360.683842
236.025758
385.119302
250.850039
149.438646
337.321653
165.790341
324.193865
310.133599
262.670887
281.405251
324.965043
374.946217
217.216294
300.566048
350.636115
348.375044
344.234101
194.228376
200.794262
365.066396
335.23874
381.600553
289.335387
381.807336
271.047919
386.229881
222.745647
385.752861
279.985908
358.776966
327.527275
353.522625
369.642054
326.691445
275.504883
326.835836
217.859083
182.425026
311.025166
317.469098
234.605987
321.43838
272.063889
290.604236
278.534118
316.45009
336.000274
270.193727
180.424836
328.513494
287.16589
329.012571
266.818403
356.230042
242.428559
303.795518
227.591248
257.003349
341.150798
288.799872
144.027498
338.477739
338.790361
365.682196
310.768771
353.209017
361.14062
266.376903
375.479027
164.52
224.411736
264.534942
259.37308
227.231847
389.555279
362.922226
382.172758
379.391353
342.409681
335.316798
353.400771
218.617456
215.760778
267.278827
304.289419
378.918654
351.308056
383.430277
319.38603
132.29531
323.524694
207.203704
372.297383
320.750088
354.153232
300.600918
389.417652
266.311724
295.270199
341.400857
209.028367
370.795942
124.366304
369.878153
361.05839
264.547663
309.63875
388.582663
161.82446
249.527142
373.833946
335.18688
377.415257
391.121449
324.090753
323.017342
361.467143
268.680175
353.647795
197.614307
351.00835
370.23672
365.580857
139.306849
312.766327
283.294822
345.396097
220.170181
261.58208
256.401172
372.563971
295.839369
277.849792
324.95059
191.209227
250.046938
256.468128
386.013237
233.343766
370.153099
383.581571
236.681798
185.737097
243.538878
125.875484
324.360629
340.488414
356.008432
271.533355
283.92192
292.873435
134.556147
338.209611
126.273168
363.141351
367.971561
345.215918
363.957672
233.675419
320.331922
177.011756
334.697468
281.449982
355.820149
239.986607
346.021287
246.828956
304.240659
232.298958
363.869625
285.584324
348.241913
329.908419
335.025793
314.347856
292.702442
224.566512
315.030775
377.739221
254.238958
379.435
330.980797
315.317375
264.98927
147.988433
376.92247
332.163493
339.690006
332.986208
316.001718
285.939127
355.196498
298.959686
244.764726
367.228697
303.557061
368.579384
262.987353
385.247092
382.24839
362.336894
349.168868
243.009429
222.352669
329.023626
313.663798
313.534149
292.491673
353.095232
157.443007
309.693024
382.881924
147.541409
257.101771
317.384941
297.299108
162.891283
329.399297
244.313613
250.790679
347.308108
193.990129
301.780574
335.744713
335.219528
374.263228
356.683437
346.52184
304.78525
222.719727
280.8905
315.738705
304.295759
247.600037
300.583537
117.831436
278.73751
311.072508
324.619439
382.738347
347.142353
345.494566
309.699013
288.977098
265.139717
328.286379
357.705584
276.455621
226.757249
390.472641
354.740464
213.124603
373.148948
266.765711
296.40484
388.098709
340.395968
287.413129
342.579534
292.253186
349.201776
348.802995
340.702554
269.284285
320.438771
337.39829
238.318163
380.770886
192.421856
187.724115
224.754795
303.044159
248.094475
349.450408
290.984433
251.364337
305.093252
351.455325
306.351169
169.191905
361.50165
301.007939
172.245643
308.97554
247.154201
306.973544
342.22243
209.98513
331.848041
391.056518
312.080871
323.517198
288.486627
329.543944
329.543724
223.508496
199.238459
210.727457
335.479042
385.438779
341.564207
290.003774
219.98187
234.71975
194.901692
365.820694
287.601791
363.081624
342.485745
303.007447
313.948034
370.918397
277.582165
282.321804
375.721588
359.412412
298.711551
309.442405
234.718295
368.424174
314.392123
336.693109
379.000855
313.886916
311.282623
311.113966
254.713526
355.814516
380.205832
217.962883
339.438289
163.994215
225.355207
367.602768
363.26679
211.953318
282.883375
245.665291
315.416794
321.115638
298.218054
318.75106
244.257272
346.703649
300.801726
260.171615
380.076042
202.451754
302.781001
382.392058
275.337052
372.660653
318.018789
311.590486
326.091732
389.676443
253.42298
314.222562
303.711524
283.706732
203.836279
210.591534
284.06864
136.541646
366.10756
260.819973
171.602203
313.735418
251.643574
324.045232
384.659057
281.523581
314.796094
211.942954
326.785632
368.945118
245.4096
292.071238
381.951527
348.879748
212.981609
326.034337
306.315233
377.956265
332.786369
262.126182
358.465452
304.734344
332.105173
331.397284
376.888149
218.613306
349.156814
346.628403
379.712828
187.520857
389.177202
244.712833
378.607407
387.424586
377.810552
194.105587
292.029527
184.455431
378.372572
217.282559
138.199105
366.350513
366.847157
270.621925
245.366061
215.780502
370.775513
294.533829
332.908061
380.936005
310.601541
274.860317
380.246459
388.291397
315.056204
376.527659
328.114124
263.096325
340.837105
231.851879
176.732868
340.111381
347.91424
386.426724
335.94393
324.888795
314.155223
247.324264
189.904599
146.259568
309.157606
338.160839
389.696811
364.390029
375.752155
222.923661
262.160146
247.561305
269.328378
365.136053
245.066052
371.833781
327.525838
337.203338
112.484394
389.399508
298.474137
376.048539
255.964824
279.356727
279.694261
369.109242
250.376556
205.554531
259.445436
360.652386
171.777665
245.881111
126.880846
387.69715
188.137441
282.827195
242.891713
369.182755
305.944637
380.817771
183.482046
388.646487
250.561903
360.859722
330.363386
289.845087
198.693828
319.496213
353.575032
293.663165
324.843872
369.973559
367.958186
385.48329
252.180745
155.006507
287.629376
376.423015
378.237163
195.424956
208.219187
307.844519
339.964108
309.87311
293.97674
337.914874
248.888297
264.32451
281.742997
383.041427
381.849857
249.461744
304.344752
221.139886
286.239312
322.108239
335.102098
380.284445
358.467075
295.523829
273.669832
262.131729
322.406766
287.726243
329.211027
338.393922
189.699841
291.666557
340.424252
368.813739
371.888296
377.794454
384.150031
135.653589
363.805341
348.347194
168.69964
260.372272
359.508716
364.63528
314.474805
391.205281
243.446988
347.725301
309.534352
336.664113
287.462089
235.937574
365.229595
317.043564
299.176028
207.291712
314.541328
272.755797
234.892257
248.44378
246.810642
369.581703
332.765559
281.038169
371.972645
279.598833
304.991107
194.965428
223.934678
191.681485
340.732703
252.996725
298.081342
344.511304
329.024166
334.220526
330.298621
388.108977
350.019286
326.821076
380.247437
383.048465
354.879296
322.524448
333.726681
301.960704
313.453933
340.205218
171.029397
318.003775
272.065528
229.198539
317.44659
153.706944
161.276951
284.862152
246.471428
245.07947
248.377313
289.806083
308.97662
184.793804
293.566958
365.575505
316.231
308.611401
342.68557
205.572621
369.075935
317.930481
328.861592
315.618021
262.245588
326.057615
258.692236
153.712711
304.285059
203.550586
128.809916
377.105124
358.766745
365.139945
362.489351
342.061271
200.50239
309.510889
382.698379
157.771293
272.820099
351.409567
331.527879
337.06757
346.482462
361.386207
99.405591
345.451273
321.955955
354.94804
376.910157
341.457749
298.855693
260.984508
286.464696
348.643286
351.285452
359.840097
347.039262
300.651835
375.735371
251.274387
179.610501
357.855874
368.847798
354.840035
215.334815
311.001197
366.673008
246.329785
306.943948
280.933245
249.183278
375.909703
286.046016
260.371648
172.157676
368.117756
315.646261
299.849307
312.312875
300.809626
351.057254
357.492742
347.732634
172.365974
367.143111
314.499221
299.63734
386.584823
205.259039
294.100861
343.235
321.177709
304.114879
288.039145
385.082365
329.470016
287.186392
247.182654
381.08936
353.067475
313.859361
285.310144
318.482189
257.089151
205.345919
264.631897
291.719397
341.178993
296.760595
361.795941
225.067582
320.44442
218.123902
292.35992
278.754337
288.332437
235.634267
353.881273
233.209885
254.410938
296.631042
130.294833
230.354705
370.029081
336.316679
312.208062
271.057752
281.149802
387.707382
376.942611
308.910123
372.077777
300.537533
333.850432
274.192095
262.743748
341.381074
245.097798
204.859357
343.019055
296.950086
345.731159
340.248407
308.720842
279.463745
370.375343
139.231295
306.216247
388.728163
323.75795
205.636714
169.305628
296.50617
237.554589
235.12546
374.493579
128.471309
309.044555
293.784102
375.138674
384.534257
321.063574
244.498893
330.647909
312.677483
386.197059
210.32347
306.468946
194.15552
377.513623
332.152072
286.124258
246.244228
298.676386
316.249149
390.480747
365.803254
367.820581
368.840494
360.495048
383.916897
236.506433
277.288614
384.254436
288.355095
286.68867
244.944479
273.328165
277.745525
226.89301
122.219088
256.058132
378.786237
347.716208
366.777237
345.197823
297.5503
215.986027
363.127904
270.540235
240.711194
302.930382
331.179711
353.048172
237.323238
350.835591
390.778173
346.19277
233.767594
179.003385
237.669554
309.899657
284.83193
293.27738
210.117348
275.245975
228.440155
310.53733
259.72796
349.914527
320.088054
172.323848
351.350464
200.803554
262.901561
359.748575
345.295359
391.987609
289.60532
282.771602
297.402155
354.127956
331.427313
314.750965
336.421535
239.247788
281.16064
370.31558
353.469277
147.796298
314.216008
349.483581
290.881978
283.101295
383.0908
385.82483
354.675242
254.207122
390.883465
253.995715
291.862346
133.082322
324.939896
130.256037
386.922101
295.817906
297.834596
334.921824
273.132762
324.152192
359.939946
200.596068
338.577624
238.970455
215.092684
305.525948
377.592202
331.072114
227.698989
272.869808
388.132494
282.924938
378.610088
285.631532
230.577383
243.308666
279.130147
367.633857
239.227739
386.005966
222.385573
204.100151
187.946458
357.219049
256.279347
346.563432
358.984962
304.042199
315.268061
216.484636
221.548846
284.44113
350.21935
322.017496
296.170739
304.473402
329.704372
391.436212
288.945156
348.336501
220.575117
364.739754
311.506554
273.294588
257.374853
312.483903
168.299727
264.301343
294.521949
196.712702
179.330655
311.932524
305.478803
173.451317
252.037084
226.010759
368.551502
356.105518
281.059388
326.474902
344.063885
240.542073
362.262609
331.003447
325.208393
367.527959
362.147269
281.700488
354.144707
236.688267
259.198879
354.838388
332.965064
352.841763
340.866401
111.807855
369.224485
286.222884
300.120615
163.243291
302.88459
301.401617
330.952084
373.44589
379.892869
269.438068
261.295678
303.373363
246.028654
333.52269
238.496585
206.715757
174.37941
237.035715
332.867849
300.828952
256.052071
385.120695
383.031401
229.556903
328.325699
380.157626
150.676143
249.456553
304.456339
328.158706
306.374958
345.061494
329.269321
284.432462
169.800293
243.695065
245.409905
302.145098
230.002355
318.520879
389.627912
361.303526
288.691669
308.135614
326.312218
275.54829
344.164079
314.685688
209.398876
318.15605
342.082503
305.903987
304.945995
205.2997
193.685152
351.278446
244.152248
372.493172
360.87554
355.679961
280.695782
360.343494
192.034098
248.231816
385.58153
272.310737
373.951265
205.148902
286.158504
258.234018
340.031546
209.875858
317.063483
343.029568
202.036426
350.256475
312.53289
302.155211
189.377242
227.469334
306.184752
309.711411
175.981365
388.85192
192.204421
154.0021
349.443423
378.481745
359.778005
205.966993
329.142352
265.597992
348.68516
346.164002
204.222018
234.838141
273.460655
237.078258
206.674748
203.451905
370.016778
335.382879
136.754051
165.151116
290.213776
238.518411
301.367933
258.860796
188.186805
142.603604
370.495825
375.184214
290.794619
348.031412
316.451992
165.782246
147.835313
225.281076
351.389639
300.395234
342.359298
334.20102
166.327663
275.390114
280.375166
203.292591
212.924617
235.43527
182.77162
352.86212
247.54676
188.670532
324.482079
366.139999
311.498208
354.400448
246.028809
321.452899
336.393746
351.623512
304.460594
205.03414
265.062762
275.499633
349.919022
359.646517
319.121436
360.811434
340.774586
288.668609
359.565289
287.896951
338.680787
324.321128
264.450484
227.539434
280.717881
359.682298
340.37195
213.778162
339.434746
242.359529
344.827567
341.332182
213.801462
336.40925
268.000969
175.024059
338.760163
288.76724
303.934275
372.935649
215.217775
172.326196
364.911662
317.608251
290.757096
264.889408
373.287855
286.504182
320.977537
312.169613
228.531018
379.917096
344.493014
276.831116
266.394522
326.841878
158.932979
286.372864
234.409935
339.68979
309.67405
346.125839
299.91024
267.688158
222.907832
384.017907
309.116495
258.903727
319.064662
373.050419
380.559128
384.684512
362.59077
385.613303
275.752272
203.906398
322.862597
311.509094
256.678339
309.449989
343.256368
296.278845
364.28093
342.466221
357.462764
364.38576
288.98049
355.300727
341.850307
321.521033
107.281174
250.904855
303.090018
373.251263
328.980868
183.789489
274.608118
254.50551
193.73516
367.435447
288.595019
328.103654
224.87853
321.123802
149.498285
335.81984
146.982048
254.53491
138.938004
288.918266
364.838463
352.480486
387.889839
364.323461
311.699714
161.441943
341.545804
173.499116
240.718784
342.688573
223.220434
285.679403
266.455198
249.558117
310.651507
322.811038
329.480061
180.272767
313.862663
365.693263
258.383579
314.207731
264.613443
298.63108
346.750839
376.621948
347.23406
379.32568
322.466638
341.67988
269.016605
371.005424
223.633487
383.178326
320.853222
303.583002
225.728185
294.140172
297.640667
317.638827
243.720172
374.565091
254.611664
266.637403
320.453576
297.485217
215.625268
310.373933
278.597473
233.587805
330.089535
172.443622
327.682374
322.269445
267.716838
309.198832
338.43791
149.361337
320.108443
313.909028
249.440559
229.974426
359.234623
384.651737
281.569954
360.671676
364.14527
334.428298
369.254323
359.054138
289.636875
174.463582
229.691285
350.55445
185.359665
280.349059
240.68265
341.570579
351.630241
313.792909
355.868272
385.724339
336.609005
246.445152
350.943643
128.942851
288.544152
312.809156
138.737564
363.64012
209.358413
365.678167
212.671685
308.832146
352.652728
112.338798
276.83319
347.453413
354.129181
203.534836
346.533975
235.705399
186.606149
235.461575
316.66086
288.796643
360.234438
286.450182
184.227992
304.461975
295.049221
324.672338
388.395066
331.508174
366.422961
168.304528
174.583
357.51136
153.801745
289.795424
385.045543
198.996005
224.225133
259.978737
235.181047
182.323167
232.320854
228.197917
340.751905
382.192618
377.16746
325.287683
337.136129
386.601978
304.1501
144.255468
390.142183
255.547705
325.97862
241.489047
220.001291
359.949998
250.838562
293.141641
321.27093
284.876269
305.25058
329.394667
149.080359
322.335576
387.923224
337.831975
334.55741
112.186108
240.936694
290.858614
238.616224
319.402265
246.974402
248.007778
352.569294
189.573013
114.159533
158.560758
326.679824
364.251582
302.461367
289.21229
158.589352
246.733685
348.353666
298.56724
360.098976
209.007184
274.984248
326.286665
311.182638
213.397968
360.352481
383.55806
215.410502
327.061979
343.371435
298.54085
299.972739
313.956831
129.142155
309.925866
295.392218
269.634542
310.231731
309.142793
382.73872
326.710111
312.535501
362.949157
254.185376
353.917176
223.767809
294.305282
211.458052
373.100755
359.113787
279.047807
339.845341
300.553639
382.844543
381.794586
287.576446
378.222304
222.597908
332.401659
385.567558
277.959361
365.606676
258.046443
185.735367
337.346717
271.25511
167.605826
309.353686
380.864558
353.076837
274.215379
265.407649
250.939736
297.931642
288.740089
244.478197
385.147084
349.829049
196.425247
176.898647
201.577061
315.651694
350.308714
167.249522
337.264393
350.383581
257.770064
320.892248
306.5406
198.121209
289.938012
182.183907
305.575657
359.815717
233.542592
338.161563
369.029027
157.090599
180.640844
282.117315
227.126156
370.773134
347.460397
292.918332
291.652817
358.405134
335.177971
315.931917
323.76594
293.13243
379.934152
368.296402
194.015988
249.782107
370.718391
309.980408
370.21222
362.21465
385.053182
287.926074
371.105508
385.447565
249.314001
263.795424
261.034441
316.805936
320.049297
189.700033
192.578381
354.435661
326.961204
338.880486
177.885487
171.039552
369.298046
373.472777
300.205934
328.080108
278.102308
132.462704
251.321486
213.606312
205.529659
331.985568
255.440352
384.620107
218.758543
357.251615
346.188083
319.878138
320.888361
274.734863
322.154781
356.719104
315.494272
189.041648
314.825209
361.616067
337.810958
306.126899
246.498025
304.016935
336.890823
255.034204
236.970211
335.58606
318.020103
288.983599
182.393976
289.060832
191.71515
356.824286
263.035886
325.320761
351.573451
367.163471
330.790679
319.737103
305.629827
352.26489
334.519803
250.490334
245.369284
176.806266
343.139331
252.612566
254.67139
248.509736
354.380261
354.873557
240.707092
172.242604
292.747056
308.171545
292.29894
387.358433
348.103299
264.341875
379.859888
389.993297
190.733912
288.365473
342.526909
238.290571
300.788898
361.236362
208.037936
286.488745
315.027734
291.526952
356.63023
314.088573
278.656708
191.751577
327.902865
131.018191
256.695053
231.19893
364.891609
318.434635
364.708142
237.385919
293.87792
170.830852
340.151089
364.136251
173.976677
370.790227
280.61169
234.151799
308.841176
383.670801
325.491833
375.953116
333.608994
306.58513
360.047958
392.002049
369.007336
362.000176
250.65153
372.129064
228.057863
258.300858
347.048572
359.226876
329.781617
335.263813
234.023554
373.840895
318.763684
212.005755
379.843035
381.52505
370.071313
345.877089
384.388626
185.568199
258.085151
318.036086
234.075107
346.46085
348.208378
218.113235
326.748395
292.711942
312.402947
319.590167
307.131458
114.066385
261.480967
212.562979
279.840661
137.118885
236.286476
282.345732
299.934321
217.50553
365.597198
374.326408
179.211784
342.036237
378.448023
256.454924
262.875432
307.722192
162.703489
178.321585
318.64682
286.046257
203.488748
268.227666
312.675743
263.475497
285.776962
370.560615
292.346285
185.994032
266.070118
303.297742
299.791728
286.204046
278.621325
276.995053
348.932037
148.933117
219.779893
280.278771
201.486855
328.193731
293.888446
360.69954
323.225708
362.916396
367.819206
367.50821
225.386121
368.519374
290.606215
238.936495
351.058827
275.841753
262.799924
357.489753
287.093411
270.731935
357.990533
316.103014
316.969984
370.032774
272.784253
392.113809
286.155865
229.159923
306.697309
340.589643
355.407853
295.377155
274.786633
381.407634
353.519368
227.105472
208.770451
122.37433
279.790625
211.962615
161.943685
240.312778
352.011035
288.999787
362.695546
375.52156
358.929711
189.947696
369.613413
242.902044
341.622571
310.141014
388.630678
390.347128
323.514832
295.951965
167.577039
264.76554
349.427472
218.421086
223.421062
248.475574
376.027353
261.506546
331.940018
370.047186
312.755684
309.94964
249.905815
206.133513
211.351272
330.320121
387.687585
296.722121
326.411993
367.290997
161.31131
247.96887
369.455596
249.351362
195.858402
259.471301
236.081599
379.278611
382.657068
373.618185
126.692485
314.534818
306.292253
381.149766
344.991148
227.100012
317.873737
336.612998
317.023094
279.490567
212.252098
338.810205
345.182728
178.261697
324.268009
291.287478
386.803422
258.046087
146.29836
388.71991
314.925429
321.385512
365.803366
341.573953
308.162859
319.384967
275.322384
286.040365
242.748116
339.064588
357.507939
360.070471
373.639409
312.193384
331.873559
370.157986
306.962143
278.898366
376.635838
274.346578
339.907892
387.329294
146.831275
354.679784
301.89103
342.644926
347.846358
310.250205
207.385833
370.365839
219.519322
326.80511
179.630865
383.627628
244.961078
287.240333
384.071541
353.635617
307.769423
330.479688
345.452102
311.580873
276.413339
307.572254
327.052866
384.799926
159.96703
297.773673
334.364199
312.449713
305.270653
348.234502
361.021591
184.674735
331.776583
345.872369
357.430328
355.550325
357.874926
205.783665
384.307084
364.960935
355.100614
220.041255
215.562042
321.282782
362.328743
335.717742
311.539586
329.136381
240.68513
242.134658
297.619462
321.3528
263.97018
231.542903
332.678706
229.528555
256.345612
234.27774
280.014174
325.695194
377.651332
387.120691
169.746724
317.107696
168.379478
175.28237
385.869369
304.094125
345.166442
328.831572
373.94416
360.664216
290.149842
315.781851
316.037648
381.869093
235.103232
375.705567
340.659222
182.189818
269.983694
268.573168
235.733409
339.495907
303.966604
364.62675
351.679702
330.828213
222.549609
294.378993
176.275285
380.307293
248.842186
285.838826
287.659733
263.63032
271.521244
358.63207
352.209283
191.538845
357.144359
181.417049
291.260623
318.965671
292.929794
385.676089
359.370165
262.499025
276.736166
372.436698
337.133028
305.103352
280.898352
265.599428
380.761242
191.226948
302.016723
337.945372
275.19973
243.407597
156.513505
370.32828
232.35463
280.108749
304.529248
365.858324
225.7361
378.166511
172.846052
247.356111
337.901176
340.322777
238.527748
278.7812
152.612088
217.596684
218.037156
252.800975
250.929911
380.310192
365.58715
140.650141
333.775704
284.118786
343.892341
260.578392
174.689922
329.35389
306.330834
377.107711
307.950762
287.446235
303.785445
254.097094
371.53378
305.708479
253.069744
311.461412
261.758343
112.601691
252.317728
344.401559
369.416622
281.823539
208.526699
286.005179
262.422894
275.830133
209.182127
342.685653
260.703005
172.686486
365.482325
312.065547
244.336008
390.434864
352.865221
289.21343
314.296813
190.691275
369.806689
335.470509
155.656148
265.252271
308.210671
384.73664
280.568952
355.589336
358.839505
388.188268
341.74633
388.80327
359.088197
239.471271
344.030051
186.630514
215.498316
254.357973
302.261071
307.472331
350.187434
316.929397
184.830745
294.171487
317.149882
335.913994
304.469013
328.577777
259.245513
265.644942
239.329728
233.487352
307.615928
379.620517
327.16519
248.185783
371.90311
340.066757
208.576651
338.788753
256.966085
165.408726
272.565697
366.891596
262.74606
377.915869
349.701138
178.814963
288.153114
148.061089
343.975649
343.392698
249.577177
330.525031
317.313342
303.911592
233.454299
230.068697
338.899385
316.852361
302.538688
326.000739
203.984783
326.038252
237.916044
223.7124
255.870383
298.681351
387.483725
264.430669
230.680162
283.378132
186.032262
221.612691
353.181411
147.625938
324.246118
380.308392
309.524121
385.143239
353.37825
226.405844
281.888965
265.511776
356.272267
220.360665
317.186279
384.244155
208.218931
377.252852
391.279846
268.717988
371.739688
334.694954
260.149706
305.162236
281.413995
322.56614
375.590814
229.661488
374.00893
287.95162
167.402984
219.84475
237.272148
261.893026
189.037702
384.826755
207.317518
363.597495
247.55054
383.311443
329.318433
232.14754
305.735897
320.196502
294.411435
281.817593
387.727689
376.113831
377.434441
232.559387
267.512084
296.352993
323.079489
255.921635
213.08332
271.626372
377.315342
234.317455
152.631332
373.774774
366.453041
270.966985
236.133346
182.871844
236.360036
115.908733
382.806239
226.081143
364.612704
384.804391
383.446525
339.068586
363.536566
376.181105
195.263744
360.135349
289.977284
231.629349
375.194923
234.997031
367.290278
326.078127
289.287666
306.475867
325.646182
239.498069
259.052087
207.677689
281.907468
327.711938
170.991949
307.329667
231.928522
270.011723
223.923716
333.543841
382.01164
341.580791
303.357171
255.328727
353.313759
382.857167
268.646729
363.29408
256.612638
354.700647
380.202802
382.873194
348.753449
342.701226
267.594986
253.376586
268.736007
353.991558
230.040678
354.420234
288.379156
258.200722
375.370838
316.101551
338.011374
298.004639
333.011388
331.299553
289.22438
273.403511
324.388039
374.384128
260.5023
212.738243
380.772528
319.732582
201.90581
218.41331
318.640598
365.725738
153.736101
253.282789
357.578339
272.945531
258.859133
301.604767
341.593516
388.391129
358.423379
326.082217
212.733582
358.355899
176.576157
331.479346
385.171469
351.982876
130.063635
348.63639
366.429326
268.356409
335.620663
270.477339
251.63197
123.993421
269.670911
370.36514
224.310729
218.406918
270.687281
273.357878
236.795512
295.402708
197.049537
320.705615
372.09471
305.266136
320.484326
343.257686
221.900978
289.536061
341.075055
252.312455
146.717008
334.755711
339.178216
316.829842
242.261037
272.98762
383.711253
388.437085
260.489757
254.565478
376.16969
371.687803
389.620329
214.920819
387.383802
281.56875
372.023044
339.700349
344.416542
251.90376
342.428966
212.253033
235.334455
330.808403
297.424833
382.452651
328.355951
345.163501
332.608652
282.053511
331.820105
331.956261
283.450167
304.340881
264.548646
128.351717
183.039548
312.964636
210.690667
359.552095
335.044497
258.754553
345.318194
159.368107
300.95107
277.766734
150.512447
190.674721
180.55221
325.968912
368.204836
338.056555
244.853217
250.927614
348.842178
384.113395
312.056689
232.645571
349.466994
173.432513
274.49899
377.704477
339.122987
249.615533
297.323357
340.590935
347.591529
381.792946
306.245802
269.41717
295.800856
368.342529
303.287523
364.647184
305.011345
274.055713
207.590972
323.59802
336.132294
335.644616
373.669814
387.680231
320.10559
254.204585
200.029761
329.888783
350.96455
159.109761
209.845259
316.997397
293.557481
365.48826
387.567795
187.053285
358.957458
217.209598
387.541568
198.264554
251.794111
375.855883
289.894066
276.445188
390.741888
342.099959
347.914231
346.724455
316.250961
254.346696
324.857379
305.952504
317.394373
313.25915
280.695902
384.452053
368.41083
258.274171
265.660478
285.137651
317.788198
219.234742
384.95165
359.113223
363.421612
321.14088
300.217781
209.968543
386.3547
271.540689
292.932917
300.514644
287.23619
219.784214
382.672841
169.603577
321.508193
373.501371
370.812362
303.331681
304.838454
312.857889
371.847077
307.355877
312.660834
334.697891
307.272652
249.083844
336.281075
317.399265
240.284338
212.609136
371.313635
359.925878
348.817468
320.440625
350.681713
336.422205
276.737921
361.995243
262.045883
286.853979
317.113178
271.93996
319.932567
378.888646
269.800019
320.507987
298.570366
359.43881
295.547645
182.289388
181.621052
365.137386
302.271455
319.708152
121.018612
390.569774
327.750123
148.711202
289.340095
365.40933
347.66437
228.627459
352.997862
357.019331
360.607683
348.556906
237.243751
364.010214
352.850346
209.402112
277.480382
167.253168
328.323307
377.624059
350.740264
357.675909
336.636905
345.829679
331.051011
234.435359
287.249473
292.545875
208.487227
335.110826
243.983225
369.375875
334.380507
364.537537
345.878148
338.413487
259.033549
145.520773
376.170499
201.755436
345.780525
303.453277
371.140507
265.815462
343.876589
279.312284
350.091246
330.361976
241.075025
334.10517
379.078612
365.623433
200.68035
377.52664
346.411641
225.240534
326.857649
322.857556
323.661076
321.299097
313.975233
337.627523
210.625831
307.949356
362.342948
268.176916
268.944822
224.345377
240.007115
278.114777
343.262753
361.585586
308.79631
159.011836
195.404327
356.947341
190.922706
298.078301
272.39127
213.518574
372.068881
359.994459
298.215109
143.677913
251.584918
207.860969
255.093359
388.863719
273.683243
296.377026
386.53457
283.703622
315.529935
191.688937
227.408703
237.990445
246.027214
388.793151
235.721608
322.654536
371.706048
215.510939
328.180589
187.926109
285.22115
385.810105
263.45359
337.792532
333.334638
357.220993
323.576289
261.291759
362.523429
239.011311
200.370876
379.495311
258.221108
199.256394
335.921248
256.117768
386.266097
338.355277
389.54183
143.073963
358.424789
110.3213
343.079972
319.524632
316.379717
298.600185
373.499617
383.402575
270.545865
348.548042
306.61313
315.892508
371.995132
240.51353
279.19315
379.203974
364.915954
330.574908
346.986936
346.490579
369.943198
352.940013
191.309442
384.717198
207.869277
231.73093
310.903158
239.405939
345.608311
201.35665
208.517192
367.490577
127.489714
277.401504
379.994425
156.939757
243.288849
126.374935
278.361389
289.370243
167.225573
388.121723
306.612305
299.626009
333.143694
374.624323
348.09797
279.707564
273.940159
247.652669
257.155931
385.29103
366.299827
165.166116
341.913603
353.569907
260.541747
285.61997
201.295069
279.574597
230.682896
351.719536
259.86944
149.8412
384.35469
275.091053
181.147469
308.891278
383.405652
327.936176
318.424243
349.488404
330.436491
241.032622
368.73145
196.543885
170.568529
366.46601
380.071026
188.47133
311.910609
326.025384
307.733155
310.116132
131.269137
305.845912
322.529385
221.088476
333.372335
367.726004
369.891721
332.029134
211.633296
233.064633
337.413149
379.226973
212.799116
187.963116
274.122793
337.943868
199.307141
278.316307
348.204301
336.829221
253.619333
379.500879
257.955694
284.736757
209.635636
336.839466
271.523413
345.798473
328.372081
181.179194
217.387148
198.641772
392.296314
251.401137
309.999777
372.163319
307.795437
260.573228
249.239311
275.79586
320.230188
296.914734
335.497233
322.557852
181.134422
390.400898
330.033901
238.835208
316.103468
230.326675
198.963473
280.324351
221.521238
191.248333
324.16568
339.700325
246.518644
370.589585
292.173254
222.475196
302.364088
354.509375
387.460772
317.543746
249.344868
250.51629
228.095783
336.324097
312.847547
243.012047
358.332267
298.491101
380.606817
349.669684
305.230527
304.027716
365.311216
363.679865
346.629744
200.439769
228.880941
330.787305
284.713733
384.927551
252.488781
195.080717
335.882784
321.160569
341.65651
265.462593
240.807909
383.538228
285.159365
264.513057
292.381106
352.478763
303.556722
220.628576
324.813226
301.550722
286.264827
328.514539
378.318882
243.386671
368.767747
255.578833
252.534987
324.241938
268.48244
309.573884
296.705838
301.162413
348.806641
272.178036
375.800441
291.020276
228.580363
385.580909
309.998513
193.811486
364.611497
368.587091
207.328834
312.561964
289.251171
228.958326
270.142197
299.566422
349.766826
386.718731
359.290972
327.908246
308.468259
289.711005
384.869408
193.651367
327.399737
338.792456
151.732689
361.260837
372.108667
294.199006
381.597034
263.104953
378.284447
228.563159
301.112025
185.51296
303.690342
227.426117
319.775508
115.248797
320.811507
356.759121
308.882713
198.81529
238.783843
317.614833
301.867733
153.658709
385.571072
175.643071
292.763013
221.521079
316.465291
312.863271
239.324113
380.864948
382.149037
367.508567
236.625834
320.252088
377.606759
216.355389
301.984226
320.926309
284.306603
248.866158
241.007759
191.210772
338.541973
177.656471
241.559549
346.84797
303.252368
347.049837
138.675454
344.412971
269.181245
269.01477
332.802998
311.298412
290.887156
348.557907
295.514655
180.497031
182.711957
269.284871
179.245645
331.130487
376.109327
320.119968
249.924433
329.128902
228.816612
380.0369
373.680631
371.616731
372.043727
258.047815
374.461627
356.703118
375.907395
247.608652
241.395912
197.430164
207.820578
354.718647
204.377672
320.989549
313.589447
260.896933
243.893404
201.293925
280.12228
332.047872
304.16178
340.958643
269.963288
280.538225
334.518474
192.1085
111.189416
228.204447
184.066539
365.583039
319.140458
269.714897
170.233179
377.61468
357.825774
183.824875
370.809142
264.448166
344.495733
342.299905
379.265738
284.198168
340.229396
207.895484
190.415839
305.215923
304.27839
388.054408
297.524877
190.975754
258.049945
315.235687
247.349029
286.680355
350.683513
273.827789
176.93084
355.468944
279.26202
378.63986
359.501112
332.067655
331.720678
389.94997
348.058794
368.171724
365.117107
231.854707
370.928791
281.055477
269.278681
332.778917
329.965907
286.397217
224.356893
289.552373
216.285807
310.817029
384.559064
318.44692
211.139311
371.10988
331.457464
228.244926
380.863944
356.931971
320.946466
360.382951
310.177643
307.365009
234.043893
150.642754
356.223394
297.750472
334.092277
333.710406
292.378321
369.58401
320.376206
386.77538
377.9093
318.718602
249.921888
324.424306
150.379407
379.262043
271.048707
304.813706
199.025339
281.594625
336.060791
322.017803
222.529015
214.21473
214.834723
212.943734
251.067012
204.395394
167.153394
261.412636
271.214949
281.029871
369.697454
298.81907
156.734572
361.589518
353.569577
380.612577
334.728252
202.635461
303.872782
365.909709
351.222624
362.152421
386.864345
321.182391
274.256406
300.101538
324.150392
220.758527
332.916359
236.825231
198.576204
328.990954
300.580847
196.823961
251.157857
319.138242
351.910772
353.16661
373.614945
312.764212
368.825605
249.042794
287.405088
385.863876
253.437132
249.926468
290.134951
379.051177
205.305251
315.721828
308.911459
327.658179
329.084252
207.562092
344.590062
319.950694
323.048571
323.941569
349.98117
299.446401
389.022122
193.42067
240.064523
334.214801
261.14103
306.469928
329.311928
244.797378
180.167439
344.975737
269.514187
345.075095
374.719905
382.744153
387.317939
250.905179
378.231489
303.27418
361.311754
157.535782
381.945322
207.200692
337.019647
361.841954
347.811252
310.08371
301.511502
378.847446
378.561843
289.109646
354.324636
336.509909
126.521103
211.356917
202.779765
267.753496
247.17128
301.39494
278.45988
257.921388
349.672792
325.530361
357.899963
328.897584
299.533455
289.90575
362.020633
256.521774
335.259242
276.289362
316.422365
328.345736
203.115823
290.865419
384.449297
335.652202
129.735584
358.39197
270.730407
292.118954
332.868132
365.571877
325.870656
236.896931
267.269501
374.235745
383.372478
360.397123
272.301383
204.26334
315.009459
374.54255
355.383473
383.577946
282.963383
141.182681
201.401694
356.7584
296.433944
259.830423
129.453751
317.220998
186.918765
161.975221
366.397624
317.642058
187.616788
263.963997
372.540735
321.513247
388.642641
384.234626
327.270428
370.708163
273.648367
166.76988
235.059766
362.644208
237.85583
215.238258
305.8308
203.06452
190.417417
258.493665
387.405871
278.507011
157.67544
307.246384
305.803678
236.434354
332.156154
211.255237
309.516502
305.144192
344.236858
342.606285
304.192516
380.805087
255.09305
256.181976
311.833788
327.876504
355.637679
374.301776
366.158374
337.072743
289.944248
186.232266
318.391893
257.30238
380.918778
