Neutron Energy (neV) - 100000
284.976063
280.512734
226.004542
158.67464
350.260771
335.104346
362.092145
384.727695
387.415912
158.722846
346.478011
368.702508
257.515388
212.290407
300.077525
169.459519
162.562752
406.15102
184.410039
360.509096
330.745876
293.828098
206.228159
325.559258
317.727235
296.211304
339.739898
208.803708
389.431909
318.659038
367.548484
396.023304
390.907099
205.607563
376.177153
377.124869
374.11967
176.705125
326.032829
300.146
330.864334
316.562747
343.507715
247.48569
302.945591
375.147522
218.662819
152.039607
407.794803
310.257665
234.188086
314.218411
305.53629
194.014552
333.364832
320.957576
298.035755
146.17369
280.900304
244.793304
346.4599
393.91835
366.979206
333.828023
258.810168
260.753744
304.170441
328.150351
311.143234
378.060918
318.268208
272.32075
377.736732
299.257013
340.439081
128.765701
319.295501
382.11499
390.296934
331.016242
404.733908
359.912895
293.785319
295.872636
374.345221
312.716942
382.789656
336.481152
302.690622
323.767421
308.817172
297.291463
225.476613
271.320395
298.65407
266.636716
345.998989
313.425053
284.044441
384.239566
402.145003
209.584121
348.319359
243.517826
338.170118
247.468318
275.129296
287.972883
396.707752
403.684401
325.601767
343.039759
333.898964
366.823224
327.099585
396.354663
145.94797
228.928139
307.13391
377.505169
192.82833
385.948345
399.287982
396.831301
376.29368
343.513981
374.78013
370.365546
290.432128
375.165463
305.138819
230.537105
360.88954
323.812759
214.745333
192.021086
330.275396
266.939755
238.16286
242.368753
368.212632
200.245835
234.706103
135.130161
330.489135
381.489205
339.506158
314.851471
310.492291
183.856205
338.941847
242.140022
162.432165
249.044971
286.929622
194.776896
283.763884
102.899054
314.705361
406.986137
405.198015
212.941898
368.523594
322.801528
222.19951
211.949207
338.793621
404.634284
317.580565
381.535192
274.087714
329.855474
303.916054
370.218374
313.995001
272.547582
396.02207
357.792591
175.134928
386.891006
329.057135
345.611585
248.350639
366.944317
223.852181
363.925124
215.29757
311.174837
234.964863
325.736601
354.531237
251.113918
189.009537
232.753553
347.014766
375.357183
366.674444
302.186917
205.093765
233.670811
258.061041
244.01005
212.040451
276.264127
405.06551
167.858386
365.236027
224.930644
266.053902
385.466126
333.015278
165.180407
119.353444
375.232799
349.215423
394.831834
351.397277
408.473052
233.309911
117.906799
203.506553
401.706844
310.44016
322.033766
276.383486
324.64228
227.116819
343.673201
248.17945
355.989048
376.434228
319.851261
393.763781
186.976346
192.682191
361.99475
179.965947
302.096838
260.241201
257.790283
395.168574
372.505982
362.739533
220.239635
329.089565
258.695619
270.008942
354.295408
146.518585
235.911575
352.69924
331.176067
393.731278
308.126901
212.816999
299.229464
383.689777
284.303268
217.409079
326.548192
374.053505
355.92607
359.273793
261.572372
189.774519
288.230887
298.414352
156.542202
341.276963
372.013114
343.791752
321.247283
321.866929
265.782388
301.197328
188.87406
257.934897
340.906671
249.459873
332.739571
249.401337
407.140553
265.907241
396.751347
312.270845
210.37201
322.978737
363.846754
345.873943
389.295695
363.363854
382.543255
270.974371
256.619713
329.610388
366.629874
393.49391
290.391066
404.912729
354.170911
189.600696
346.333899
146.924748
338.058111
316.528804
234.541305
402.408615
212.826861
297.669171
372.986238
259.757545
227.883317
336.030757
309.306957
304.303274
333.305461
259.369853
299.436562
304.255533
303.051553
214.947721
400.477324
344.29472
334.398224
305.855755
300.427738
328.413663
293.564709
365.773799
322.379598
362.298282
220.937631
207.397127
245.033749
312.187101
305.09469
264.560706
404.108399
329.173184
383.544235
370.112237
363.377282
244.265924
386.460917
207.026069
366.366034
384.112329
395.610985
355.108762
390.222504
337.615649
330.802658
247.781086
321.997983
289.141467
377.561749
302.003516
291.099989
369.568948
308.862801
177.236984
400.811173
326.000826
324.864554
323.999394
351.542616
365.915466
190.423155
396.989025
183.960827
335.362994
186.732053
351.311422
310.062094
304.005073
271.147352
332.253658
205.452994
383.861271
345.768747
219.449847
370.952724
158.024937
244.541187
376.288648
388.094635
370.829925
256.975219
387.807532
324.630803
366.854142
342.886561
370.223835
149.841537
386.102723
395.656487
219.088496
206.718705
290.408821
356.897445
262.6386
322.072658
366.474245
304.688629
262.408662
191.274682
316.036042
387.683806
357.956292
295.176504
367.315774
309.848224
276.745483
408.08446
261.2165
387.106154
114.488477
372.798261
312.904739
398.655984
313.273937
311.285037
309.157904
338.408497
228.276052
380.645656
301.458771
325.514374
306.58683
235.623027
349.924067
402.718023
373.386613
233.266612
225.834407
209.645372
337.148676
236.599173
144.720446
385.9446
244.41517
333.202123
359.812858
374.040376
308.685093
301.050659
182.087774
242.45603
345.853367
351.495209
343.701476
230.139646
401.773831
251.599873
390.722506
171.881133
369.051878
320.141784
235.87217
346.476806
318.72734
201.57823
332.092695
213.005328
299.999018
364.056011
406.366031
290.799004
245.160967
376.788079
351.92123
318.409559
311.144119
391.325769
288.853727
295.055926
320.475071
269.90056
350.207348
374.550901
208.634767
403.477196
349.013783
227.202438
280.670614
212.335026
198.554233
247.902487
177.420175
210.825213
323.614064
331.163036
398.791629
292.316799
347.387718
317.276988
331.706153
297.374464
266.165162
320.380441
293.657441
282.15436
284.178741
350.346431
397.47224
367.948589
247.377702
380.306585
389.722475
174.057042
381.299877
326.942103
342.875604
384.556753
262.538161
271.495623
312.138358
180.394469
292.621999
359.970098
201.725632
230.266806
394.139856
266.024704
207.767922
343.838094
399.029748
294.988902
307.309866
275.334093
350.309506
335.018418
295.326095
381.728703
306.001016
203.762271
346.931142
335.502514
311.741476
308.938944
347.174403
321.30997
199.688923
364.086157
358.969338
323.05832
365.026322
342.242229
381.851991
225.456014
314.178032
254.049769
230.025326
355.355871
265.063676
379.800794
348.887033
371.735803
330.026495
380.078599
267.845447
264.657073
277.1486
277.793679
340.59439
331.536116
400.096809
356.661077
248.363674
281.545262
383.145903
387.475712
374.189957
351.901311
383.787061
204.983624
392.891956
244.52026
346.813967
395.793371
310.430878
143.703427
208.428781
306.905133
401.788013
302.80071
340.718463
352.882302
251.469872
385.678031
318.738967
333.173964
335.335489
251.716467
277.017569
311.133451
367.993343
273.008648
277.031272
176.96904
242.937869
242.254103
279.879106
346.274293
257.181357
347.422906
258.551191
144.137612
301.140337
316.547036
390.742824
324.546808
246.17149
328.11216
296.227405
390.649519
404.667081
309.967974
240.39182
355.17028
323.625236
399.396666
207.873938
255.85693
182.233638
300.400213
135.388192
238.637321
402.382875
348.245235
262.073244
314.718454
396.728932
392.014623
345.97057
267.44045
319.993896
292.542856
151.408945
338.959521
296.609136
396.93497
352.042405
342.321459
162.429144
252.175944
374.849998
255.865544
302.138223
347.34965
377.262993
281.646385
171.188244
225.876858
311.071597
365.091428
309.562643
295.211667
222.257622
207.551215
215.512758
388.039146
173.193166
260.106386
315.853837
262.105447
337.309083
381.685612
372.108751
287.618888
294.952559
225.633007
255.639577
200.222139
310.940822
307.95477
253.513056
271.203437
396.75602
326.746475
296.527454
335.624931
366.01154
283.355636
259.077812
253.730232
381.546365
369.240721
374.47603
315.876159
371.98622
345.037951
314.11511
193.799908
332.675191
403.361833
373.73757
340.848913
290.242555
297.83585
373.428448
349.249624
245.200293
237.695596
401.544862
233.604298
244.847097
258.216713
225.174415
401.725498
289.476879
363.712477
218.523904
227.608006
350.924774
207.631588
250.853131
289.370371
210.307949
249.212762
255.648568
314.621167
322.340272
314.666521
347.203953
212.268871
355.029157
301.878724
283.130906
240.544146
317.361599
308.992379
207.615224
283.364081
312.715867
361.064639
321.134644
320.951627
169.610259
139.302402
391.10281
393.449721
386.297565
317.332457
270.53611
390.710782
338.910025
129.144959
407.380656
298.105577
391.341926
234.452068
395.699496
322.106368
381.621263
374.878085
392.349455
101.480306
336.197587
399.819033
310.569558
225.949079
323.871273
133.185207
292.302686
371.239429
280.095348
360.805727
275.962606
368.548889
340.28495
376.330172
285.228577
354.965699
292.490174
357.122618
344.816867
404.609592
323.912819
199.95904
316.77024
283.868834
250.307012
347.708843
304.117759
283.316664
216.73486
290.344183
342.639925
368.701302
336.857816
374.494207
327.37803
393.995476
314.37257
282.165252
330.491135
353.536015
275.277711
338.490068
364.413797
317.958511
210.782483
267.969869
375.237242
305.034618
384.668148
388.925828
301.873158
291.781203
394.516162
221.401806
254.719871
290.199692
374.335661
239.663621
218.268811
238.836593
335.666964
185.951025
377.128273
350.615125
328.271521
396.099672
245.361151
205.129922
288.915404
326.687005
201.121184
313.185605
363.868143
279.463664
352.233328
194.135342
262.77543
356.111512
366.805634
363.684827
386.84283
216.104692
293.223864
351.921745
242.86088
221.842443
282.091008
333.446583
279.448278
328.940284
124.778493
360.879931
304.039412
347.858955
366.503891
334.109074
327.932645
397.410482
314.947712
359.654761
284.686204
299.765211
390.24247
366.849076
199.884534
307.413059
371.246331
282.433521
370.051162
397.64266
260.5661
283.428659
306.669242
248.105055
266.829432
324.95621
399.124864
156.909471
240.916246
267.174903
406.764694
340.3023
392.47722
304.767534
201.926749
311.286596
277.193606
401.36709
399.984624
213.368792
300.706847
262.893744
293.164069
118.062826
382.145161
307.623173
291.930241
402.455091
220.162271
327.201494
320.753507
345.622357
382.209699
316.317894
256.389543
396.609552
289.388949
346.153272
345.172916
387.882307
260.052022
343.884548
181.259561
389.058695
210.427856
180.37239
331.528924
303.398352
406.362418
363.840506
286.79947
208.241784
183.873685
397.47183
297.044403
248.027068
210.657723
328.030608
159.267411
295.671639
346.185404
349.25024
360.130246
244.151886
235.335224
331.937646
379.710584
244.563703
234.215471
387.768672
349.570158
320.277969
268.378677
340.042871
353.871806
354.211044
272.976223
307.003737
332.837691
248.393823
249.971863
301.124318
379.705942
397.968952
321.408158
406.347597
314.745137
393.589721
338.201955
241.948629
119.857048
356.07912
280.148167
274.166031
400.962418
404.424223
336.131114
321.066874
278.640421
226.409501
334.246326
306.61284
347.71135
298.494632
317.627781
271.3003
314.324514
146.339077
308.897051
322.5361
253.656068
322.273537
296.678552
343.017064
378.111143
386.728523
369.634295
374.165613
220.764915
351.634579
229.234037
113.127313
251.209756
381.357562
375.524974
263.281995
371.076686
388.245598
375.727744
374.175274
190.676126
317.71557
387.705498
384.713333
208.729704
332.711744
371.727907
327.318214
296.128067
326.932889
401.69674
293.041125
402.777529
324.125621
309.358703
238.549781
305.546385
282.12045
380.835507
329.848383
292.18671
365.283552
351.802681
196.835321
244.657789
333.937892
374.547473
221.516847
250.490415
284.295454
340.277365
358.274553
221.807537
298.073463
199.451059
367.580001
222.571804
333.343402
269.952398
386.147458
269.517224
359.851575
330.071508
308.295804
321.663914
293.555552
389.266652
306.180476
252.798269
341.882644
341.335992
349.814319
307.248557
314.559691
275.712433
368.532447
369.068928
241.280302
292.737836
383.715172
291.924071
338.457483
179.961277
177.472987
385.094657
338.578551
234.568443
406.705957
310.829379
352.397395
298.082336
346.906987
371.014994
287.367738
319.527081
352.253461
285.625426
223.356233
376.139548
356.784959
367.129241
299.266435
282.359555
360.818236
334.053495
145.604784
367.989916
274.854047
321.108845
403.309072
323.46478
301.651734
298.955398
398.852307
316.440617
364.197014
323.946169
279.765668
182.405182
395.37728
303.049295
362.305572
354.454109
356.931745
336.91431
406.485485
363.094155
236.983277
298.908607
365.659007
384.736551
328.556087
317.345487
259.919965
257.181864
340.986523
378.12975
164.829388
359.762691
390.864014
206.562318
243.210023
162.467327
286.977204
239.905363
324.094424
277.706605
337.600683
270.611349
268.413924
298.972943
360.909251
260.805558
202.814456
379.937475
322.50317
362.247724
264.516719
335.379859
295.526675
333.579467
224.333836
392.615346
374.375701
344.838236
340.537905
306.986772
375.290309
273.838305
335.871588
314.720748
395.150987
300.855278
369.023994
348.410988
407.263106
291.454631
208.279533
193.4549
292.847813
267.698593
357.764066
270.770613
196.228496
402.359026
333.571217
334.930477
404.002528
295.766935
399.960062
253.394063
369.396077
274.417951
276.879146
359.743269
408.571774
248.245742
399.765435
370.283947
349.327137
377.246913
371.959208
204.799743
267.82305
231.107826
238.938732
215.636938
307.065219
356.559725
187.575484
361.459444
361.120887
384.207518
288.932009
157.94702
307.765037
201.169235
265.921079
323.872599
341.034722
394.139967
255.648227
249.318575
255.64453
207.047177
298.835444
366.344357
398.987882
356.009081
324.081605
397.243293
187.190469
267.76465
320.040552
344.360294
262.9116
325.476783
383.612416
308.225401
396.044817
283.901867
302.876695
349.253349
375.82876
297.328086
402.581986
341.086074
391.253654
375.179581
370.035319
328.354351
383.99173
112.551303
246.885154
164.282046
356.630334
331.398732
384.317472
398.831287
362.567833
353.149623
365.612323
371.871095
112.152986
202.970644
361.484194
296.70863
144.236054
389.779265
335.706703
283.919119
388.911595
401.090799
343.835767
277.475536
286.620019
191.86422
243.607435
183.951167
301.659962
249.755013
191.037236
320.436221
322.569155
290.763567
282.609673
336.081066
317.690549
268.30496
280.369754
392.423802
335.689455
356.61438
339.045539
301.214286
169.313134
246.187015
357.272742
232.994105
384.293488
318.605997
400.703546
187.407055
370.726396
240.854782
139.970002
381.911167
383.496284
223.975083
293.749216
207.399851
173.449796
393.531894
328.904146
316.630477
187.082503
166.249154
355.283645
234.32235
343.783119
298.140237
286.576585
378.590884
349.87745
331.958009
385.658024
148.157148
283.918981
312.358451
222.451632
322.478864
213.734953
275.921492
259.949768
276.414021
241.238799
394.321459
313.523436
385.8371
226.121413
381.786313
345.707358
291.924873
296.536952
293.404838
362.527793
367.426477
390.153353
345.303451
178.626687
187.552547
402.885267
240.050222
398.498992
326.346826
321.182704
356.204783
372.34951
327.084157
310.145426
162.771259
325.394067
262.93374
308.269833
242.827978
366.966576
364.043112
385.196383
363.369686
388.186816
282.632081
165.886841
373.827373
293.997734
300.564078
185.144473
283.33195
372.424908
348.469185
194.923788
382.958523
305.046628
217.311247
394.542052
343.741458
305.88195
355.797038
300.654456
279.370548
291.26124
305.321733
351.717707
188.120325
321.491161
289.711542
322.880774
280.589932
226.910981
244.339977
303.279287
376.600818
404.010833
180.907549
249.817649
250.408968
371.77166
258.194955
262.332215
306.719101
308.295672
377.834984
294.628938
164.68395
406.677299
312.898043
181.924086
301.42307
309.000873
176.525537
311.392482
402.777115
399.542962
360.865988
403.921363
384.51321
373.105476
267.487532
314.916504
348.481038
370.461408
309.674523
373.5166
362.633633
371.035146
253.012417
381.152612
319.503585
178.737745
258.285001
302.996057
256.283025
387.450461
146.375017
381.221146
243.513984
389.46174
276.586007
291.108174
157.348171
292.620119
395.444986
260.505361
284.022358
347.780961
228.755314
358.342758
388.56445
317.904081
398.883926
111.316854
151.950281
315.856204
284.133233
183.052535
366.451117
224.7848
344.300855
265.159048
315.788367
106.225898
238.014086
393.918493
376.771631
175.406272
112.589562
388.899186
214.972457
362.894883
297.437674
240.129592
308.152219
165.048038
324.119712
380.513284
335.611684
302.079529
383.189525
367.37209
347.516142
266.83879
355.033062
343.428656
183.64484
358.880829
342.246121
324.565796
143.832594
405.664397
400.327425
395.902258
386.045029
380.785752
376.862636
355.091308
250.507535
380.871165
384.09936
352.069693
242.014012
271.611885
325.525265
328.655948
380.601242
292.145789
263.988532
286.456594
247.292065
318.432547
299.881323
201.200702
160.155526
290.021465
347.220389
290.045033
338.129433
265.418598
197.362995
396.788772
374.401072
367.37391
207.21039
383.451006
367.511106
215.079429
394.927354
379.235216
388.321974
374.268821
379.315888
154.786158
353.156949
367.100375
406.191626
310.035473
315.042665
342.536642
376.006253
400.851781
270.660645
160.479887
319.909572
393.161991
204.902836
335.238342
371.978868
393.451856
331.968704
264.493559
323.847748
352.309317
277.100086
305.423506
240.37318
320.430924
391.787965
370.087244
137.045805
361.116778
315.206826
303.509292
372.338605
237.011434
231.887088
394.096684
402.931088
400.138472
356.007005
278.403409
207.861766
279.161603
360.478556
270.693693
403.496915
391.843736
400.437504
167.925729
199.442072
405.456698
349.715242
379.571339
306.774429
286.58239
283.30144
290.27361
244.434837
202.86292
206.310589
334.801057
194.469051
398.090021
263.453602
266.888762
258.660623
326.530053
341.474328
306.879731
155.22117
248.976826
279.67339
238.371082
368.017336
319.274217
311.575228
330.107501
324.260197
281.911096
401.523096
397.282281
212.911967
372.921703
205.58869
264.709285
396.804916
391.648144
277.616343
405.701338
347.445291
352.019793
400.726803
407.552328
235.42572
380.9392
212.320652
331.306816
388.187869
207.210445
268.108698
341.822343
348.395501
148.781855
302.333967
295.288997
106.596089
284.232759
369.211581
391.510698
366.557343
280.321721
335.108491
390.460987
260.349482
296.498576
378.698941
378.325252
193.588603
310.403956
243.250573
363.814746
348.720354
361.411106
297.706461
347.035502
325.503192
339.419293
246.032665
224.406524
256.02514
186.002142
271.831836
343.380096
250.511683
391.316707
335.861305
241.310674
277.027126
230.323166
398.119748
286.691882
268.309059
258.665042
355.236833
247.748332
264.941677
141.716884
401.296347
323.333328
251.557382
253.15641
275.286159
369.600783
116.958402
297.522242
231.356288
375.698453
234.746408
340.301774
318.80579
286.573806
327.576489
275.025102
360.488829
215.217165
307.82501
288.088887
338.355576
309.876663
237.356191
281.582882
248.982923
348.278401
400.222289
383.986034
135.946843
378.981899
352.084575
396.226137
347.130121
373.912692
409.105031
299.008897
183.052376
298.837185
268.799797
112.884804
339.583662
397.516639
219.033803
393.304312
280.862664
228.288159
82.68965
388.587852
240.344162
190.848113
152.567142
371.876816
363.880719
224.210751
329.098179
270.923653
224.760595
296.659019
359.136435
274.511117
313.255519
403.503301
403.903749
376.38646
324.679111
200.432482
285.910018
309.84285
389.061624
337.778056
333.42908
259.970243
293.961991
320.298201
361.190754
352.23958
262.949347
401.376686
334.336308
338.038883
313.104707
280.157601
299.15539
351.095519
127.992195
364.389724
293.375317
295.653433
211.37292
391.228134
281.032797
285.066563
362.568361
324.616211
340.610258
165.147826
395.448696
289.151352
158.438379
337.074805
372.453908
365.924395
299.710281
116.978862
367.095941
248.04819
370.253767
306.101214
369.45315
401.037556
395.91635
361.713572
277.466625
257.589171
390.303729
184.479395
220.203423
352.253522
307.53755
305.322133
279.35925
336.900352
391.079118
237.16847
232.000655
315.03946
286.012628
193.053564
379.948076
288.099296
353.650344
315.765966
252.894648
387.433887
266.362058
333.916066
342.371302
229.957626
146.280604
336.171916
377.764731
300.330546
391.262229
340.324666
323.595632
352.927091
254.072849
262.568877
252.857816
381.007611
368.8356
211.616483
373.965104
401.600896
380.124815
229.555337
311.114894
349.388139
379.577129
355.092493
308.873801
399.830704
308.966164
279.575087
352.50573
326.382461
350.487599
368.409567
381.635063
361.402574
388.292133
335.926141
285.242988
252.951882
385.581643
289.533754
214.798159
176.455816
241.578639
261.683
235.182961
306.808372
370.740802
346.983234
202.395369
212.560176
317.599754
203.795924
188.85586
169.001776
386.891438
343.892513
283.305362
391.601199
330.765877
396.17868
282.451368
279.213657
321.150277
342.718264
369.31739
348.29375
376.701322
288.653129
375.619916
352.202655
318.99733
269.210367
339.270246
310.212703
271.813595
245.119923
293.94833
346.045524
368.365821
334.04981
250.777131
255.71215
225.025818
180.242138
354.87809
221.24005
136.725938
244.247983
149.817475
354.81362
373.523705
369.917861
176.439379
326.773204
366.58598
278.794143
279.760462
281.765512
283.467798
178.313258
330.912964
372.582909
231.28573
253.21477
144.247437
359.090561
306.026908
214.192426
199.250483
401.725682
321.742856
242.838431
295.494483
206.611059
311.978837
404.382161
260.811772
365.612603
343.27565
217.964453
341.121549
246.332122
319.154811
337.085274
233.590858
219.515109
240.583936
261.827399
357.187136
120.445783
325.496584
364.562934
302.61741
389.089051
292.028898
353.208295
271.253864
313.244127
284.625415
221.685826
270.41164
255.327147
339.156611
316.737361
298.854833
189.287662
301.341819
370.919607
299.087933
323.421175
231.78407
317.507534
353.295156
389.316759
351.10406
295.068502
213.898532
309.825961
248.70117
199.333298
303.691886
294.849383
407.172698
348.67746
386.406091
162.150129
248.950159
374.751177
225.399234
371.091699
294.769951
321.402135
97.765336
331.932113
368.069447
378.66868
297.321661
334.436152
361.412247
108.142022
333.016711
341.898745
308.765768
304.759521
257.172275
400.491298
300.76235
156.995195
380.442056
406.167075
353.261103
212.469543
171.975319
168.030201
347.39738
206.496831
294.17116
373.542532
297.77153
326.067594
308.05812
353.162031
349.042809
352.613878
302.878276
346.254172
271.17979
255.889247
394.867531
334.922452
397.731335
249.708446
235.110411
243.488448
238.145552
279.153284
181.656346
281.253995
408.54842
196.955939
396.618642
228.375274
290.024784
347.965805
354.576772
125.274931
399.818861
197.881382
403.538545
322.775852
336.978053
316.904024
387.644043
204.168996
370.821392
370.421843
244.986895
350.673541
219.157899
395.17562
286.072476
353.630866
283.143187
395.563544
406.099219
285.437842
393.221142
391.891185
390.570009
403.105228
394.934526
324.534366
327.550725
379.204549
228.890261
300.587557
234.15436
323.423093
348.591673
341.089544
332.136388
295.038113
375.406486
161.262579
198.426606
355.574379
336.813891
359.98465
344.014014
299.780125
364.937317
221.446883
370.72387
384.284559
300.686384
330.473034
393.26964
366.595399
252.843652
345.751794
220.350718
244.391058
347.670285
361.305997
330.741488
110.319301
381.026537
251.639511
230.848462
340.333391
390.41363
386.272457
400.267457
132.74757
293.058111
172.384326
373.520477
249.225348
286.682245
301.06806
194.407612
115.1021
332.36025
177.926301
381.20211
396.369794
310.350958
343.078302
259.96977
355.336419
213.094589
394.279673
348.775138
357.710306
377.93161
333.115681
221.747843
231.441491
224.278177
322.828177
308.016743
306.611841
292.548673
351.524381
258.116208
277.079446
306.339069
367.210574
222.523767
321.258839
347.098899
406.6718
255.987262
197.604235
270.266303
264.866191
378.430181
288.953909
361.178379
358.437401
396.07564
363.180395
390.452443
334.033717
302.932911
380.808118
249.953382
222.359471
308.90823
328.79569
398.160153
284.815466
337.454087
275.137214
313.671775
386.561245
392.37482
259.57876
289.379904
382.769325
345.842634
292.211009
227.554447
232.207794
394.822352
222.59712
353.131458
345.37511
287.686161
316.887121
385.823446
229.452471
361.448257
406.235028
326.273116
281.303527
355.627239
344.468687
309.094195
328.109223
174.669044
340.906137
329.657102
318.321535
147.871106
405.279358
322.485693
276.728057
368.730867
346.712339
349.497246
212.321806
210.610978
345.007218
227.53129
361.496824
343.80776
174.63725
384.152175
241.710821
282.894024
331.358521
301.741445
241.268264
373.099422
296.13588
365.796835
362.226554
377.471499
304.788912
365.793177
293.093079
237.091926
393.749657
340.974814
157.702542
357.559283
312.407092
345.901124
340.317321
387.207749
362.230031
354.023934
391.239365
396.704761
187.165263
304.843558
164.037667
342.913514
134.408057
316.734247
372.90469
387.776836
288.562967
407.641627
234.459056
260.900913
348.932649
178.100833
255.667439
338.452221
388.862608
139.930815
285.261332
164.993351
213.739965
352.949916
344.601962
326.104699
239.347369
328.883687
286.410439
376.960973
387.518625
282.29665
211.67792
209.142959
338.421392
282.440129
286.813728
347.76128
321.286325
367.607934
291.878242
293.291467
190.087649
285.02573
387.095976
389.992537
303.48274
286.02025
383.83121
232.092082
337.484441
406.826302
235.311061
367.839426
339.70115
333.438899
288.908759
228.71956
122.749521
342.087476
306.537224
261.599071
206.798847
296.593957
239.474569
407.082644
314.929564
336.698483
388.209314
359.110817
356.645363
263.655983
402.401964
284.372845
333.071283
296.23632
381.41664
243.254383
298.665185
291.592958
301.242707
202.788211
310.402405
331.58564
265.050312
288.197256
364.447758
331.532938
332.681921
307.537436
371.297192
195.500905
386.493275
301.642425
268.500563
388.414563
379.879269
258.759158
344.182883
330.043697
296.405741
191.853148
388.888245
241.654036
213.910748
262.685155
301.270575
277.652873
319.01769
406.971532
339.048473
349.402573
323.428982
382.133125
382.307182
369.512173
275.234275
377.983151
147.916641
213.595545
235.866632
222.092346
333.986324
374.600383
329.644564
363.39395
404.771934
407.135622
351.031777
324.072906
290.020568
301.853282
406.150546
384.568622
241.299251
312.23856
361.177857
281.556951
343.452605
169.893071
186.519259
175.670259
160.009627
268.168562
397.938389
280.158822
242.516991
334.772107
297.265151
312.881742
146.077753
245.547706
354.007655
326.62683
298.84529
233.489116
365.307358
367.802771
403.227734
211.092904
238.768088
354.001153
275.711131
310.738371
281.049401
155.676422
332.819851
279.306217
401.402522
352.685245
393.879067
331.368356
275.273789
336.328779
304.977054
384.192696
367.703181
365.563873
254.013051
265.941617
330.448071
386.240253
312.975078
303.474783
372.992739
391.971105
277.548365
265.97338
300.642696
369.147218
382.025912
295.113123
282.259922
280.441601
399.490685
360.569664
237.180614
378.350091
336.933957
272.844766
272.433131
407.686383
322.287678
315.689031
325.321939
335.766528
354.569474
322.317957
385.105835
401.841868
367.600938
324.846301
339.227084
294.756704
301.937645
357.325699
190.377736
292.833501
321.887305
304.943162
294.246989
348.618753
396.629344
298.800934
304.827178
377.670574
375.900421
374.779333
403.391294
332.560455
383.450318
306.34868
263.181248
229.711306
321.47672
385.738768
353.442224
324.487922
353.483833
267.61152
315.753614
396.372951
282.053317
313.728534
169.508876
349.018695
327.401462
344.362228
381.800891
367.69234
252.740818
368.202643
385.287626
257.016681
104.013158
400.545263
309.835449
308.774347
252.615316
258.311609
348.432177
379.48854
336.746496
383.038515
387.291213
382.013863
286.187524
339.423688
375.201479
291.221849
268.457181
184.827217
299.464577
301.231525
345.237703
161.054274
393.112147
328.30093
358.03895
270.98708
324.766169
326.518511
228.057824
225.546959
201.728352
244.722323
286.342688
356.430994
275.794447
363.365478
220.386868
181.859233
378.656738
391.517225
148.521955
351.185916
263.834925
241.82969
336.392504
385.120051
273.222116
302.909135
173.428411
379.609178
386.174624
355.274245
352.188921
333.612688
368.151246
397.660875
186.535968
302.506127
407.199491
293.311822
265.322591
292.113855
271.896147
381.034039
195.494928
370.68911
179.702518
325.166017
376.719666
260.392678
344.11931
362.038186
302.313789
387.234119
305.677451
304.74423
376.032135
347.620559
362.762574
330.333111
131.167871
250.494646
407.59958
282.309028
270.259753
275.661068
318.162007
230.220211
200.22231
165.824111
160.690643
326.655921
305.795875
245.327677
382.051864
275.247025
289.772025
387.687464
243.628653
202.204891
248.454872
158.75746
308.832252
389.228985
329.372706
326.96933
218.840639
339.594866
298.761355
305.155826
371.517561
315.568804
169.454111
381.837689
289.885545
403.491605
240.513018
239.231887
259.195109
224.535343
344.226281
337.912002
379.932016
400.073859
395.347743
258.175217
338.623383
348.213545
386.927884
344.113615
128.539155
333.311966
97.216032
215.978067
297.313383
279.294612
407.051252
340.365027
349.727886
371.443653
383.029228
367.327866
206.301212
302.434876
265.09787
372.14622
278.126721
290.517575
381.742835
357.431577
251.947689
247.381475
248.734804
260.164876
355.445252
339.777099
304.171236
288.786019
365.706719
146.086126
333.653991
357.138324
243.379084
342.073513
203.98175
333.811632
251.29624
400.385715
347.559277
265.320343
232.890028
406.55091
240.93788
344.219759
316.074734
305.033683
327.418388
386.177909
291.314658
314.695073
385.24915
164.722156
337.535996
331.560539
292.531309
192.944755
407.415392
375.464053
322.043325
293.939875
389.444728
182.592529
220.523666
365.250482
401.299583
331.906074
369.063476
142.540883
179.857342
405.688773
349.302497
366.72672
316.169879
401.75815
256.515804
386.745929
168.375503
180.149835
385.511951
377.406939
367.515791
153.000266
259.478361
169.05311
332.755697
370.392357
357.89526
363.823902
406.879901
284.969758
310.86816
346.13442
255.496457
183.339052
387.750429
301.281434
348.099602
299.400206
378.256416
251.973534
135.805215
319.646225
143.88019
315.447177
400.856814
308.713083
224.728308
397.301763
406.163229
395.999256
370.487903
294.944929
376.914832
361.34096
287.416579
223.095211
362.599744
250.211997
336.059005
321.529994
252.403221
352.626621
380.084092
239.484665
202.104252
206.882373
241.568434
316.043286
321.078467
225.57426
327.708521
308.449992
353.765324
371.533705
254.537616
264.905835
245.334216
362.128215
269.411299
384.842234
398.644372
381.688144
337.054281
367.474574
403.131096
322.79151
275.428498
325.406337
310.89988
161.120148
337.899971
269.176901
273.817685
377.616002
119.654175
314.110543
376.294049
163.85204
321.563806
252.123148
192.509358
154.707286
303.748196
301.508561
229.789352
346.074351
252.498841
148.083003
316.72351
282.515535
330.232952
313.988948
352.478601
381.281818
240.857961
341.973379
357.141869
314.337934
340.0266
389.830601
307.740162
340.974546
273.866028
251.887496
374.29744
308.355656
241.079722
371.212098
378.323733
384.559076
396.503787
336.350636
298.733963
373.310829
373.573401
139.806952
401.367723
289.390952
399.432231
257.358558
378.274007
357.054911
392.253619
326.04593
339.613189
341.433364
220.681174
351.187808
304.284176
213.491955
287.069013
378.907599
274.307306
367.282396
219.553679
316.716391
237.03024
236.206461
240.312934
341.092666
294.614982
346.948303
190.386238
402.95613
290.682047
381.664975
307.458136
354.32417
400.455487
323.270869
270.316163
335.25183
326.591549
277.344454
391.606997
269.577957
235.227465
378.46339
399.387161
308.96475
361.504276
266.334564
327.552017
403.162199
297.461399
392.854622
377.47962
283.743866
285.066642
233.124519
408.825922
379.893514
342.679434
339.783152
323.164319
318.491434
333.776703
191.522993
133.592892
235.589416
295.403828
358.461492
345.078241
297.147453
355.967294
303.704517
322.831696
316.638041
395.26763
314.899451
222.63077
311.151108
253.73242
318.150531
313.865356
232.370913
330.626864
311.805879
209.360134
332.585207
205.018029
295.701386
187.780646
212.305549
308.837357
338.547419
183.29034
248.676367
282.344751
199.383076
349.090779
371.24499
245.247362
329.832858
287.628127
369.85747
408.09076
407.093605
346.905423
388.898206
336.422273
271.753821
274.532898
308.247324
406.88735
318.030665
236.034717
373.251647
317.557626
270.443684
392.482851
311.755718
159.843554
345.818094
316.841135
360.532816
310.453662
273.771137
365.346927
240.068004
319.894463
373.782965
379.324465
372.153325
335.061193
317.556565
338.183563
115.067784
246.82017
261.606084
371.086248
294.652623
383.568219
368.913691
372.602908
171.748307
280.664699
403.741693
386.480037
311.221446
321.973595
393.079949
225.828979
107.489748
310.488177
368.07186
340.094622
273.531811
205.932316
248.897244
328.638262
158.844535
317.928665
217.160827
362.233512
254.674704
369.615771
343.368513
379.506981
258.138325
218.974675
400.33288
318.942805
339.535281
246.246429
316.191303
238.007683
331.931836
384.52152
394.983599
243.062033
225.406712
397.921217
296.789798
225.486112
173.775613
221.61814
333.754107
393.174835
226.450827
392.955495
236.34011
104.611376
296.906097
324.953735
297.730361
383.784189
408.647441
334.140385
250.350844
307.511137
197.373232
374.850549
266.63091
377.713105
257.782496
310.412017
176.623626
359.396084
265.65325
335.816633
172.580904
401.192695
269.943695
366.226686
250.665023
325.042639
354.069351
356.460447
212.917469
323.699855
335.043153
207.677474
341.228631
377.618176
328.962675
372.186561
276.864625
288.606441
146.857827
342.478834
167.431891
123.653796
340.666802
372.439631
273.953993
341.040178
340.003853
369.107827
362.775358
306.579869
288.850508
142.357115
203.592973
359.042438
340.005413
234.766086
320.560498
328.593032
281.33448
404.394894
363.492515
391.458845
358.047967
304.76772
293.663472
374.429816
265.328879
272.405023
305.058096
210.825129
263.228371
177.980895
378.624826
228.502427
317.229129
184.431344
338.781708
318.915819
382.558563
343.306345
304.960814
370.818224
367.532089
206.162928
380.688503
380.212833
356.779703
357.90907
320.963127
383.133701
122.349709
378.351341
395.091413
280.988991
401.82082
372.340173
266.824352
199.134665
282.372903
244.595935
380.967087
188.894368
382.254423
346.772279
366.605099
309.706033
289.13891
328.300264
262.075506
400.396531
372.715261
209.78331
139.388982
378.542596
353.776558
221.276737
235.627768
276.978527
139.414393
328.495902
332.021904
274.123257
400.859826
339.582473
267.155442
212.546512
106.913969
165.726784
125.334083
366.730245
323.946967
327.777339
389.279602
306.491561
404.500705
271.399886
357.604969
283.456958
286.096229
261.758504
400.048111
337.753639
404.630101
322.944102
345.647262
181.556249
403.019506
314.243779
234.687395
350.946214
382.437162
349.806101
331.44736
233.531486
231.190642
257.182993
307.950638
330.8549
315.350663
300.397862
333.558172
123.235674
369.858181
367.402258
241.954602
149.537342
299.016296
330.128385
345.113968
204.705668
386.81622
336.855516
360.172747
315.509594
184.970064
364.808364
282.476515
335.421162
321.269063
380.926807
171.498572
339.074232
404.348275
358.747636
243.662701
278.234275
347.626843
379.181722
310.896271
286.428723
315.985915
349.196182
397.572028
288.305383
269.06495
368.793219
297.905915
280.134552
295.305821
348.109747
126.708027
391.692883
344.97147
301.643635
354.853858
297.445449
181.093328
362.729691
400.55821
365.945236
312.504701
376.366801
332.203801
362.798916
295.677681
369.593639
399.900212
372.344761
295.571638
264.662019
320.656487
395.433584
264.404869
257.716895
353.629484
275.685579
255.070286
188.361375
399.672268
294.275283
344.7571
355.75514
248.750214
255.679869
391.979885
255.217743
305.581935
254.549772
404.051849
394.633508
246.76429
364.084389
409.15543
267.955979
315.860729
280.187564
390.86758
366.57782
242.694965
134.29204
237.565544
247.694742
281.000369
374.809333
369.223986
248.845207
241.268202
406.97198
249.505233
313.758546
294.437165
188.012641
278.741936
262.66283
163.535859
328.121313
359.701409
370.374019
373.528853
381.923452
359.344946
308.97291
207.665294
327.555911
266.674178
380.808085
300.04653
322.63293
379.520791
364.395608
339.230284
339.981273
349.295291
236.123377
303.195614
347.705668
361.652613
193.510932
232.321967
405.511837
301.366997
278.284621
288.095843
280.202125
405.910433
282.879916
400.210715
289.846952
315.020432
270.878458
398.675923
283.116213
253.510508
278.307374
364.280246
332.799339
378.761699
264.06406
308.025178
374.971619
193.474363
382.213407
329.663947
290.245022
305.889171
314.553637
328.40502
334.922331
347.289793
273.136981
370.026612
343.797453
265.619318
381.7319
314.414312
341.154519
324.664824
356.593958
129.403429
145.383903
210.992965
317.933696
284.529571
388.437304
252.930124
404.576209
332.310666
203.231305
401.118863
342.169729
356.59499
204.777284
242.912621
354.454267
369.936476
311.286972
291.680835
200.191355
218.063057
282.868946
323.260696
275.066299
349.290085
328.191516
324.796819
221.303698
392.891386
293.001757
298.198435
342.764125
321.555152
299.780038
151.250178
296.506118
358.931561
374.440843
300.534759
396.585417
290.980029
366.462257
295.608954
217.388346
153.120274
294.36071
348.301815
289.618273
296.395112
241.525807
403.199996
177.459313
260.286566
381.398196
314.909866
388.494454
206.004149
240.110108
351.578844
334.38214
404.403919
274.310833
229.374517
358.19363
382.200956
199.123083
252.13025
303.808293
322.862985
186.725721
393.451183
406.286443
378.599517
256.694015
141.001993
369.250711
310.68049
384.573932
207.114929
332.195349
255.797757
368.612939
314.890024
272.840422
400.031038
345.086272
311.347841
242.364193
340.90428
364.939529
226.660745
314.003831
368.360061
405.780233
220.78246
231.366298
303.396523
338.880761
239.160698
303.391247
288.695746
325.518541
405.297846
361.191537
238.512433
324.490691
314.115726
404.740825
218.065615
236.107708
298.852906
258.68424
301.127634
289.738093
233.129194
284.579842
270.83372
372.827115
288.902468
207.874032
172.061414
320.799276
398.30894
257.633302
308.493427
271.894442
347.997706
370.119578
377.599166
367.950849
364.902794
266.803508
386.97556
318.210634
299.378842
288.568231
221.039726
166.511691
256.120044
231.790424
256.111701
294.04286
373.962535
391.653675
339.725531
408.417392
395.146449
329.453653
302.153904
248.413785
242.393286
368.826786
245.499804
357.294227
163.054195
298.991382
309.052137
362.438276
373.99617
400.308221
377.505345
371.23341
264.267361
194.713318
241.92094
300.659912
199.498708
289.061837
221.668968
312.716166
294.411919
277.493815
288.540361
282.053351
219.835947
304.687663
322.03164
317.857582
145.172675
390.499608
287.063498
302.199929
279.29451
181.492787
274.859636
175.512919
268.983149
331.213892
328.84756
261.120075
224.998523
396.256304
368.501909
288.29163
261.407921
356.497496
340.292452
401.359109
258.544568
392.651059
390.878729
353.747685
336.782485
332.260311
341.269911
226.20017
287.12172
245.447025
317.44322
305.09349
229.378967
337.537542
375.131608
356.755808
378.514614
355.665716
311.360401
401.83325
387.702747
387.134417
321.934713
132.669625
175.58432
122.278413
271.452199
224.281852
293.81617
306.428549
235.062247
289.666537
244.645132
238.21917
280.447814
244.317678
221.766414
382.367017
334.330122
316.614618
269.300344
125.805859
359.799705
238.573983
339.344749
403.334376
138.592826
313.961214
227.897687
259.383696
332.932062
296.331204
248.637396
138.313331
340.142046
308.993396
376.965258
293.573563
238.627602
202.909642
218.785698
281.598077
248.229516
272.261146
164.547775
310.871332
340.295179
310.691997
222.292974
366.518635
380.844931
327.04672
389.618018
348.048799
362.400729
292.966946
316.472246
385.142946
331.86044
360.313817
384.950292
405.910157
198.80413
376.862459
204.396845
408.581082
389.075668
390.680534
208.896175
270.364417
386.410859
210.315978
121.887449
405.992594
349.978867
385.245719
331.301983
323.238213
379.841119
236.42995
152.944654
401.871953
194.907315
334.89968
381.905856
317.00175
400.91348
343.830732
166.76602
278.819559
399.760359
278.338992
387.023797
374.658109
230.643411
288.489782
184.91235
368.106781
149.166227
369.920081
338.098141
305.628066
286.16492
280.638515
226.700332
117.394101
286.95273
269.22806
239.531949
312.748308
287.92465
382.051552
339.570373
377.079187
375.534276
335.69857
287.151843
313.869218
337.716462
242.852436
255.898836
309.349044
236.54415
281.706295
375.449387
267.882802
387.98167
386.452709
355.14742
280.666542
265.381508
241.628602
279.687558
244.62011
300.918614
306.275406
303.82464
326.674297
376.471999
302.519041
308.632957
306.766748
371.448063
352.041881
196.266172
406.733521
398.182575
398.269725
301.152406
186.758075
319.544165
290.789531
304.088664
306.360627
322.100357
250.035025
204.829129
393.121334
351.887731
320.823579
322.254271
370.378577
407.369712
303.841363
303.869476
372.754431
401.728005
329.881008
238.987634
252.246447
271.409608
346.399723
394.185812
403.897459
268.35834
367.956882
377.380001
382.979177
371.582127
262.443156
190.063274
189.235919
380.403919
304.604022
404.057117
405.32283
189.243192
356.091064
366.003672
352.529954
279.446265
286.021871
371.505063
325.649556
348.255249
192.664927
343.275915
377.869082
239.131399
249.57012
344.035388
221.160127
272.660087
287.427199
219.028466
314.83217
242.088879
281.22824
405.610313
402.300879
210.035752
312.313029
388.347777
284.406634
289.917319
281.268479
197.432345
271.074189
294.746948
391.704111
237.514737
400.46252
385.474404
280.625227
235.998382
295.71823
402.664723
319.06308
269.491207
231.756952
325.124258
242.714656
223.612752
243.863673
336.992018
383.967852
369.231046
188.035176
206.666441
322.351048
312.694467
287.577574
306.263437
392.803259
368.34951
229.866834
352.556013
401.510416
216.991177
300.304498
292.233779
398.739383
214.116732
386.421201
236.516702
338.523011
310.103503
341.297649
215.910372
321.683444
229.998452
274.137411
195.160199
320.344431
364.106886
155.96282
374.426132
352.446195
270.576262
343.090579
338.978817
187.409305
385.66752
142.213896
342.985343
392.498947
331.046079
336.326825
302.078837
266.607642
135.149215
370.889709
299.282205
320.296719
399.184477
301.864438
315.862077
328.661465
345.891048
265.794338
270.004651
323.507696
323.634846
227.561038
355.024938
207.407049
304.071139
307.045649
378.488251
388.770498
293.768055
372.240775
387.718651
293.485967
255.329122
369.719557
391.607547
249.06413
238.152175
238.076211
141.775103
251.407346
357.91153
294.280092
375.889263
354.000813
215.46204
314.663177
343.905371
361.979934
327.258698
159.053932
217.241118
350.945483
292.343317
240.107935
128.162387
237.138605
340.091106
397.288162
323.586254
346.252974
187.536204
275.213532
394.078315
295.87979
364.128373
393.278657
367.900206
363.420129
373.620228
272.375842
398.601163
396.140691
312.097255
400.537095
294.068939
227.270772
353.282483
342.02946
340.394787
222.806059
293.742019
369.522702
310.335363
356.990328
325.376102
325.769385
402.011294
346.239459
386.968444
330.246491
97.932381
340.775227
251.746722
193.582825
375.559902
259.460913
397.974656
303.525283
170.902504
316.658472
342.95555
378.048648
276.065262
350.721117
340.024728
398.254836
278.501131
367.540456
247.572049
394.456375
327.745746
313.917007
372.5233
277.932885
297.96206
272.297602
356.84227
304.630089
319.848215
383.127998
372.583216
297.607027
369.183292
320.581975
257.227628
352.824472
297.233894
299.198227
124.256177
401.072933
294.263345
331.659639
217.372529
364.560902
352.110659
277.957691
172.047361
170.811045
382.853952
373.960958
306.571112
380.010111
157.967928
355.492214
279.612035
379.984115
327.882617
151.215498
208.004081
219.201073
232.455558
407.867849
342.691243
296.355806
254.035079
352.096051
347.185785
220.364144
396.721948
346.892857
389.856428
220.802833
315.812324
308.716708
406.300939
126.124779
351.720738
333.337154
368.080902
255.955137
291.896248
406.158277
220.934968
259.733703
183.407066
307.196686
323.459534
322.194815
257.281444
220.177474
321.080322
235.112906
316.416224
340.732562
317.409622
213.713635
398.311143
196.102572
401.130297
312.410236
292.652186
225.771174
355.41189
361.68558
361.060926
391.658877
407.553385
266.129912
219.145077
349.586616
385.369408
282.527986
370.755573
306.868764
277.209228
299.429996
262.73903
214.238922
305.649005
340.020775
311.284942
144.058681
273.62344
348.608612
275.393326
351.571314
342.116885
361.635231
368.992604
300.181592
311.629637
302.662295
314.088331
401.097577
356.992133
379.716583
230.241068
395.088382
338.069342
217.750283
324.061745
264.779603
338.708579
339.386254
402.372302
249.544393
158.846551
217.946127
270.278876
280.368434
216.828217
181.759987
174.588137
179.807001
185.803334
350.171243
297.694909
228.835812
382.423383
387.01465
307.783657
273.571447
311.012791
381.792806
240.45212
358.926784
178.935054
259.927138
194.468925
362.87822
291.782641
287.657775
401.441512
347.808028
255.204329
201.662617
407.129734
354.445316
309.856785
381.163929
290.010516
230.818773
277.278555
336.737928
118.323064
232.123394
391.072546
214.760866
238.471408
360.536437
345.846908
355.772785
180.505123
277.405947
382.088475
304.305073
360.756743
360.957033
281.062187
364.739853
308.420778
399.004434
321.915574
323.973757
234.83805
246.756234
213.705477
258.020049
336.46038
295.360252
192.247543
382.87333
337.798509
361.027025
264.669421
391.635655
403.848215
280.810816
401.765567
385.678964
314.161072
225.731679
406.322005
403.010611
392.250223
352.092112
371.667653
375.631314
235.003958
298.52578
246.925005
385.663321
305.580213
363.27168
201.982403
172.415923
261.365103
200.221252
337.823011
196.921939
362.94412
346.413816
123.024195
381.111681
403.899286
351.513542
336.70717
358.326403
266.821186
244.527994
369.446075
327.778825
277.977081
284.884723
332.225384
394.562133
185.713196
375.28656
149.127906
241.13692
240.170565
353.122297
381.403432
394.340122
392.615468
220.176883
159.027338
379.004481
226.537584
312.3588
348.2999
172.487296
350.516574
356.923755
269.45301
172.179589
390.236912
388.92632
401.039122
369.0104
293.122929
317.685673
140.84169
400.698305
135.492774
364.53005
244.364424
274.583939
364.773139
316.656535
298.414793
365.406496
289.703226
160.950438
243.593753
396.831307
265.138323
321.659356
326.882218
282.644185
239.885863
224.971249
207.344903
366.233044
382.081693
385.838169
318.036538
231.791147
399.696292
343.265555
338.106314
286.496914
131.480255
341.574352
244.004602
247.143456
385.738761
227.003077
288.107847
223.194004
376.447742
316.427377
287.571035
348.218229
330.443564
360.40585
326.421517
257.828668
306.829778
332.915921
401.383063
386.779437
342.879492
310.832228
358.762996
377.271944
235.90244
273.684279
363.09422
371.816831
359.164407
263.433861
361.362866
382.165648
151.431764
219.475677
396.394635
372.092032
281.497651
178.693194
306.20751
232.814172
315.3768
336.052784
292.117261
307.5824
359.936853
178.618147
318.123384
265.973062
315.360439
279.515025
345.279238
355.364011
346.757112
333.007196
241.738002
334.164664
405.059633
393.094449
288.994886
388.778736
345.078649
201.392345
202.70134
238.097974
230.529515
134.471148
181.788043
332.086396
254.166454
345.75631
365.5441
361.740246
388.546106
296.624528
185.050409
373.642784
245.556806
261.364801
389.263792
227.312787
384.042315
301.178722
403.444187
359.447323
258.889226
185.869455
282.451568
208.23687
145.916232
213.487587
351.080937
278.85018
303.937552
233.125808
150.362445
359.561636
316.823589
261.05645
278.629904
303.512575
318.297607
365.789083
291.645766
303.673578
398.874431
312.939734
194.29731
367.144379
266.810394
316.13959
311.089115
273.224516
314.851339
298.507902
364.175488
130.318144
355.017008
366.441377
377.677207
208.553897
238.965258
273.805314
377.248758
234.793145
361.70315
157.413208
263.657115
184.819333
290.111424
270.174041
341.865808
327.707575
302.002264
368.731594
393.164013
358.916279
162.038584
348.303037
363.94207
332.142881
185.408209
300.833933
291.559691
332.398759
265.234157
301.287007
227.968022
371.937497
258.581737
255.436807
254.274548
369.384521
231.943339
376.92622
99.034393
339.203648
245.775254
294.069283
305.572179
375.480118
324.122322
255.282104
350.205147
330.298408
291.790695
396.681455
198.922119
298.934235
238.847595
302.982759
276.40018
276.347341
204.456973
377.000986
290.385787
218.313002
283.830465
223.679168
227.849828
222.458627
122.73358
277.31065
315.766685
195.091328
384.31057
307.504485
360.672848
322.460128
342.596372
218.888731
356.382529
196.902336
160.261642
238.128527
344.085774
357.000719
394.141491
175.70007
399.712627
286.021493
160.595458
294.496678
338.579497
233.148843
289.15338
373.526448
184.860006
196.126925
292.731229
278.666569
330.988606
383.085796
250.514583
355.098995
267.710662
202.851635
270.893986
264.392916
334.393256
372.243176
281.436887
387.693217
333.547304
243.841633
362.906406
405.914252
203.527065
234.099366
361.511017
329.064024
183.206534
392.487923
317.392067
387.171864
329.246176
164.28665
262.088862
366.224965
333.394772
306.347669
249.936809
312.943102
319.669021
194.837717
403.927189
382.130472
394.991836
342.69479
405.023268
314.32108
370.787902
408.29779
202.745639
350.688588
273.875038
342.723493
231.773828
188.875931
349.742032
182.333051
407.599114
368.547016
258.711483
406.14468
300.435625
203.791155
273.638435
382.095412
323.608279
262.474862
219.730794
239.257009
262.174855
219.529561
329.007246
190.253747
382.148988
361.710098
317.294524
250.499309
397.253583
295.037303
343.921155
336.838832
322.796356
269.359559
397.619985
385.097809
189.511936
235.048962
327.172189
136.682261
152.431621
292.390795
325.731695
352.656178
250.514902
311.751173
348.302702
196.461127
400.654728
308.47878
366.142983
189.181567
275.451742
373.717431
284.772057
312.290388
396.697588
324.083039
235.701911
406.579843
361.619347
357.785814
373.946269
239.252485
399.024143
342.790415
312.301452
308.170946
125.82452
121.651122
276.928907
241.270974
242.89375
270.904738
343.213499
185.994468
283.031801
354.386175
304.13538
282.877231
176.385978
366.438951
386.07209
287.702433
378.501291
369.66321
194.339095
352.634054
263.920898
342.809135
353.210337
264.29402
370.729523
357.876777
371.946254
334.551359
240.985942
284.963465
391.173853
324.618783
342.088202
330.027766
335.580995
375.069643
363.126742
297.378816
272.405922
328.072744
362.124165
356.287339
337.945392
397.91318
277.888813
225.420698
375.730704
391.142236
404.841446
322.732602
275.481227
317.108327
350.593863
227.890511
307.518187
378.732166
386.130573
374.836351
350.338341
190.725475
314.820908
265.226388
154.485333
171.808812
304.677053
229.804609
273.889466
351.000794
355.270201
339.656749
296.745595
300.364038
287.634878
249.557699
371.120121
406.860395
341.672598
324.158988
374.464023
378.686981
344.241724
314.60975
239.146332
217.457807
263.659064
350.542405
258.916213
311.463247
406.817508
210.424804
235.607542
330.029875
263.035747
317.789804
322.181535
340.010861
189.397083
396.403833
378.961262
234.629983
284.897697
363.424292
194.059344
332.42196
348.338216
260.09014
401.822184
326.135643
360.137757
312.04144
381.753737
379.833279
305.692895
360.231299
223.722777
361.586631
293.818251
362.039837
236.52413
289.190193
338.560203
351.16199
324.062383
234.30773
178.04288
391.519229
216.620239
316.119463
318.957449
238.868936
198.50874
218.188568
303.924054
244.294843
329.759855
385.820854
291.181606
266.783411
283.188417
256.55295
294.301974
289.216538
183.767539
349.725898
311.017669
394.248004
371.091996
366.897518
315.270456
291.631094
363.689647
387.230655
381.72344
391.794971
379.973316
322.271256
407.271181
228.401242
252.662466
257.70929
399.363524
380.779703
337.877198
185.576379
188.801563
391.740605
341.239596
220.460274
172.702134
259.518971
324.045025
332.381142
401.319821
404.82642
276.696651
219.982172
237.828449
141.930861
321.481243
382.600148
323.674254
228.811022
239.244378
380.123748
228.769132
324.905117
332.698637
167.334322
404.474639
368.055948
325.81416
265.484196
214.961154
295.972394
177.32122
399.071775
373.732134
381.261022
405.572584
264.689603
267.460904
200.511945
312.741977
294.625136
339.913542
358.155589
398.954517
177.344453
297.256292
270.545692
352.085799
308.889855
365.620343
236.936674
397.847597
348.370449
405.521706
209.433212
357.077172
332.160638
355.5194
285.848827
349.220138
399.330443
402.825063
353.481657
346.822761
221.479266
377.501169
327.519366
204.841015
404.149224
211.752116
139.970265
150.935211
308.30622
304.52406
382.754024
250.321189
280.893685
408.196301
354.450982
284.778565
303.681308
370.23178
372.238004
193.855368
392.794612
320.392918
299.989013
366.573633
222.101646
356.033092
192.09857
348.843612
358.914495
257.838261
405.895985
241.822541
225.581547
383.869912
253.055103
385.020066
278.349812
330.474829
369.009733
329.411516
107.953063
241.057185
391.923779
375.267121
132.140576
362.461661
401.407392
185.681936
353.831216
325.705575
288.946721
364.698881
389.81241
191.106989
149.598851
325.72193
302.897605
374.190311
306.325444
378.588382
346.705341
311.119001
220.662461
227.217063
113.87077
365.032104
362.747445
217.944958
318.757458
288.102628
247.435943
248.580091
185.577245
358.852406
235.569507
354.172988
243.13397
259.008745
397.855624
164.592091
388.894417
365.798857
276.336311
374.357552
390.323144
402.136818
392.679072
402.623154
263.671212
383.907284
346.906738
283.620966
215.729566
369.288173
309.935805
387.256239
268.816536
284.704308
325.739536
386.814641
319.724959
297.595232
254.32856
272.551312
325.052166
331.032796
370.099155
346.555222
309.686362
393.613361
313.314408
277.636155
399.10898
285.798174
395.668167
135.500774
389.264876
399.727199
338.212991
324.88259
373.549072
255.212108
229.678977
348.433149
360.646341
367.545735
286.909081
136.525164
202.245388
299.507812
155.785483
338.398323
295.783197
403.491808
343.612005
333.86926
204.40226
371.918726
344.861099
148.175343
195.30908
327.482276
249.542236
192.529903
185.526506
205.933709
367.487584
168.802772
350.206815
402.109923
366.414552
369.144631
222.936038
357.611423
322.151059
220.035793
377.122696
224.80188
235.739458
317.016135
357.999986
358.692911
306.557568
289.517442
233.823985
230.308276
279.130852
292.924564
250.01642
372.754643
203.657161
373.415376
257.83542
285.229824
115.664559
330.7167
338.807889
160.274862
351.641323
187.494785
356.296379
245.136385
341.632085
297.407879
405.874867
375.732691
371.900869
167.331717
356.587453
297.559765
299.441199
127.922665
349.947586
397.416587
329.375082
392.046541
381.861656
350.512463
330.989569
402.717311
220.855477
265.67702
198.599053
389.63748
367.723915
312.714729
390.248658
342.919774
379.574922
220.00309
328.550112
361.621034
364.62482
226.026145
357.528859
277.826575
163.803278
243.812066
353.581199
261.300083
269.825164
259.45502
326.906193
323.968428
357.503551
389.480974
289.997118
302.886304
306.318031
292.533253
382.125562
321.827544
357.763692
249.012581
289.971675
327.079925
395.395818
258.762792
321.233669
224.525551
330.48241
347.342646
379.951594
287.436782
379.990474
227.201902
342.737615
405.25415
329.448258
342.004004
273.021818
363.66546
192.782978
274.767579
358.458245
322.98602
250.064102
307.491713
311.422818
332.099202
391.425692
321.20589
209.873364
281.08338
303.282443
354.00723
287.349043
150.011498
268.548828
405.11482
352.601491
255.401606
403.438286
383.47179
365.576331
297.069979
399.982602
362.310346
246.854827
237.740685
307.396378
210.173893
357.532156
392.909246
214.686202
351.078571
305.479361
205.752883
240.810256
259.255463
268.7799
319.460337
237.987678
240.25999
355.1157
307.212546
245.284832
317.229589
150.041675
392.822496
260.500835
137.743023
356.735799
326.794587
365.785187
347.702139
339.470518
189.903689
308.248346
309.822986
256.882095
259.070077
316.785576
377.553416
321.401412
365.332557
344.297597
399.865971
271.041602
387.49795
397.966841
320.459048
344.35126
298.658902
377.381679
297.846405
178.337688
384.450477
214.848717
346.285821
336.376513
392.351817
260.951069
277.875995
397.578658
403.800835
282.192318
405.065695
126.017404
295.545659
358.181142
397.430807
236.955848
355.71177
262.2288
341.574834
351.881906
346.982995
201.027817
334.574802
338.86896
384.298789
199.148305
391.250482
311.191935
326.377341
311.052026
99.956203
351.764974
388.846663
375.966833
284.803846
185.121494
331.984589
285.12189
401.668103
341.970577
303.520146
359.361054
205.509368
381.347907
267.782884
307.601731
325.673147
304.229107
354.70636
287.492285
255.851841
219.015992
375.232183
312.845679
312.402588
405.862433
365.910932
165.018576
120.84546
145.860656
304.110115
400.33537
324.459371
285.888514
357.97333
368.123144
318.827036
377.035201
187.366367
291.349313
317.802672
326.299871
310.599745
252.275831
394.479955
223.686213
355.433771
158.121465
242.790675
152.684595
364.828855
365.798392
276.496346
323.037039
360.071018
369.651721
387.289157
311.756215
389.45934
318.231619
351.468348
373.182147
280.520341
356.476555
133.34369
271.807879
375.721952
344.129604
139.876798
306.763947
386.382802
309.549389
397.966439
386.492079
173.743504
335.223575
336.96543
371.75026
390.728498
283.914292
273.414475
364.093808
364.555809
274.497262
211.512456
269.649192
347.444986
196.328522
321.875535
383.53549
232.009263
155.143085
384.386825
322.992108
348.986082
163.738556
290.180256
361.357325
359.761702
395.385823
304.580858
362.714606
393.952851
350.871169
406.197749
122.94152
322.051743
304.099697
197.338045
335.802685
354.893642
277.725884
291.914351
355.111629
363.734528
253.750819
288.551173
202.295109
402.246023
308.676611
268.130761
308.455288
153.240926
309.978675
404.505505
375.339593
271.804567
285.814543
143.191303
216.789928
356.714013
288.066998
365.389576
281.972802
342.800256
320.147662
190.955447
286.936366
300.426218
317.430559
235.043743
197.296932
268.780236
360.587906
171.172417
232.189678
344.121256
208.420276
407.313632
256.122681
176.502252
331.244095
332.44841
242.343943
219.474773
225.973857
386.263981
361.857782
312.851096
239.166896
133.853525
369.623695
259.485852
398.391682
322.192153
400.453151
397.436542
364.957787
386.33194
380.799786
272.673946
256.803055
357.528599
317.987816
320.936129
346.984094
265.620065
122.43245
315.599637
382.074053
249.989418
345.476863
330.039552
332.048579
373.120164
262.15026
328.893411
274.642803
216.483877
299.290679
184.3546
378.929576
369.338474
223.935576
297.036151
303.334775
315.011941
303.085741
362.991597
240.412301
290.247364
404.685229
360.908883
367.498411
360.19477
340.014988
198.38146
331.127861
226.928804
396.377258
343.480554
278.776649
342.245621
367.905323
313.401821
231.398592
343.994303
113.920634
200.44463
396.927018
368.434784
329.922801
330.851741
208.843544
344.313024
287.669632
339.961578
165.715855
247.341579
365.494504
192.611981
256.803324
393.425002
211.619868
271.522207
383.20101
352.443809
386.730021
402.073523
264.66711
343.763106
188.469284
376.365314
305.370175
194.469626
399.015378
268.567681
306.536
286.361894
371.327341
245.814673
385.843171
405.983659
356.187015
264.366545
373.080874
198.028189
349.221517
333.987724
242.266786
307.196049
333.562011
154.427616
255.310758
264.364134
202.741447
295.825205
170.115715
354.613509
310.323958
263.697869
225.308987
215.31329
405.039193
247.449649
210.953372
328.144855
249.847067
350.333808
400.981171
377.111497
261.486191
319.874305
304.892413
321.896162
380.515692
250.382547
304.510386
337.10974
175.276906
258.506157
339.402055
192.916294
379.005219
360.781448
355.241948
265.234948
181.981212
262.358024
360.714845
315.704798
300.205651
316.816341
403.140918
362.497086
169.311242
327.443008
200.735238
222.418638
233.752591
312.426631
377.152893
373.380187
285.524906
353.676126
183.442384
374.651452
258.222453
195.446523
356.292293
215.435325
369.119085
337.630592
319.287047
202.761143
282.017653
406.50601
217.422367
325.814067
313.667519
266.280658
209.808224
370.552749
244.305544
114.917073
319.58658
324.598372
321.958645
332.279503
366.866249
310.26849
289.56958
389.435523
375.119297
330.448908
406.312932
262.404958
219.887354
223.64602
288.447412
397.103217
304.720819
388.819679
160.453887
296.218307
345.028578
342.493442
274.048219
213.493557
256.438733
203.815617
182.138393
364.655527
346.098341
401.591965
310.732736
138.311143
253.71549
215.923315
179.287637
346.002886
303.520609
385.956956
323.853908
145.700241
312.518992
331.710832
381.210691
194.815946
134.689429
311.521179
327.321388
172.275427
392.059846
390.278277
372.800663
323.371436
392.074525
244.724699
360.6302
307.589814
299.306069
398.139602
305.337873
355.496868
371.554125
262.496288
353.37664
247.784122
276.704346
360.423569
327.011669
407.72016
339.278793
384.568183
332.518977
277.621315
361.23111
387.509965
358.292211
234.604284
396.769433
399.325954
385.625759
285.759709
286.033335
283.515705
323.18973
155.204704
339.502041
364.501033
396.24403
348.485001
384.715653
339.847744
400.898306
371.435949
334.536147
317.931586
288.210716
201.040285
344.242843
393.612853
352.211119
124.607443
333.791707
315.100833
398.158235
373.196202
188.169616
131.185724
375.074492
236.762994
301.736081
379.497999
327.365477
169.755566
376.31184
348.567147
329.963248
280.798065
354.088552
391.425897
299.097229
328.254609
276.443364
372.712145
305.542273
391.361961
376.987512
210.999413
301.806787
252.747888
264.255094
263.638358
360.605869
375.340719
345.806364
118.119422
387.367886
209.08001
303.343259
313.72148
393.259383
219.875704
235.458214
215.648669
404.832853
370.932525
331.962496
249.417871
386.128174
227.407746
359.113248
310.111739
264.945754
297.865563
145.356532
399.616093
176.018201
216.544555
330.197536
277.23492
318.227283
306.862278
377.947591
362.851447
305.925425
267.146429
141.389369
200.588374
268.333421
307.388615
391.897693
378.222312
211.734871
399.822501
347.013376
221.631129
311.063402
330.799751
330.364545
238.161088
272.548168
330.687151
377.44472
314.664952
318.213941
356.973126
308.410197
350.517383
393.951599
349.061141
301.295258
198.856723
249.748235
301.588819
405.620602
305.819694
403.731311
376.258942
210.684573
359.082427
295.908517
279.979076
330.238026
398.072897
346.288732
383.074477
385.396732
350.567538
205.407885
292.704062
323.756004
343.933924
321.02821
358.07652
326.758579
400.039053
309.237696
301.963423
405.005982
330.14711
282.397153
359.814766
322.989263
272.353631
331.880637
355.659812
365.912768
215.635397
274.165394
363.768319
290.34801
316.29864
342.404497
281.882259
314.567202
393.573378
320.724585
358.128659
384.491284
378.269415
357.296223
277.617913
339.337768
359.596035
337.223234
322.680068
193.782594
381.611798
274.946021
347.938155
254.914662
376.119999
395.649861
381.588009
256.093101
222.13736
330.722008
278.969499
255.344693
274.675553
387.752094
334.971882
343.889184
297.900699
352.253761
179.376402
196.567857
263.226922
303.198957
269.641134
252.508938
400.121077
125.563067
249.414821
252.620877
390.781233
311.661704
323.629562
337.63739
117.273343
392.090254
383.16034
358.666506
334.602479
389.656415
408.005075
363.067697
190.258768
371.045624
190.207878
303.278704
235.052335
397.391986
330.630512
296.794155
310.187341
203.118829
318.407593
340.365126
313.861452
405.372136
365.0828
198.10258
362.81283
407.083357
381.64147
250.853405
340.677675
400.814414
386.253465
317.434473
180.932377
329.176123
237.948918
372.689625
287.954702
361.430424
397.832247
263.861227
377.136976
360.828689
293.764866
327.629984
325.145557
328.214634
371.264683
180.526273
376.99716
355.900069
318.798371
284.779436
330.952654
333.460761
237.681025
207.288045
257.243632
348.045263
350.718038
198.006749
279.668295
375.009726
314.077399
265.737948
241.104139
99.50524
375.994231
280.872077
401.757706
321.867358
359.192947
248.502576
333.390808
375.364681
266.522435
314.031992
392.454331
297.422676
175.604732
399.128388
336.578942
386.21741
356.928539
312.707647
250.231973
313.34257
339.144479
299.113077
330.15554
295.616465
391.374388
183.643244
304.522375
388.34428
313.378772
276.849259
307.624172
299.627184
295.219873
212.02601
374.107975
339.436164
312.651269
271.787709
326.772088
385.530242
301.750141
327.836789
184.307607
168.769065
168.663888
405.469805
286.795169
284.97358
302.503558
359.056105
280.031271
173.280574
255.522952
228.560558
364.700679
286.661411
308.540679
284.830676
232.868925
382.726964
334.495789
238.673679
398.431183
308.555131
368.937966
365.920806
333.096932
209.769142
292.065869
243.570525
333.255115
256.916988
358.398531
397.942897
374.199026
396.231694
317.86923
335.647938
343.163255
394.191195
219.163532
338.883489
395.591397
115.676161
337.546952
319.043
348.877574
331.428239
329.729222
326.924835
394.285912
331.476115
170.172699
204.619977
402.716228
351.072686
371.174424
222.883659
354.811376
362.378809
332.213578
130.712695
255.142245
230.358609
290.326663
281.670083
407.281707
330.678192
321.264473
204.276024
351.794328
346.078153
285.023865
171.869471
366.954871
370.542032
184.150444
365.353846
297.53169
387.064968
259.555011
206.230999
303.751838
204.302938
190.140011
306.696724
401.835749
290.718178
271.752553
343.564896
281.848231
251.060459
337.659884
277.779571
198.958562
403.039898
293.62647
293.410757
299.629992
153.659534
138.190209
339.533006
200.160818
309.77808
378.064541
373.805112
363.712745
226.58907
216.417356
326.843226
268.612886
323.208044
333.139209
339.707854
365.955764
238.925266
372.800555
168.094454
271.590714
346.952511
383.883137
238.394768
130.175609
357.034227
348.898659
365.000906
328.827739
210.869751
396.64634
317.639851
209.894996
221.107649
371.796153
269.746458
340.979378
387.711374
353.168014
298.008555
290.765146
377.433963
336.663346
399.927481
253.238262
348.635961
390.854279
253.452193
287.217664
251.478931
324.021643
312.410441
396.495245
331.327271
356.523352
341.404744
323.025408
313.99234
266.575897
329.744371
335.126163
312.354877
335.460214
371.962527
298.724008
374.583998
369.41211
407.00229
335.585936
327.79002
396.373352
312.695263
402.843794
166.805954
300.866017
353.497066
270.13839
325.452056
326.801926
404.580155
371.529769
213.185678
262.036436
360.930225
354.386119
358.937476
135.420215
387.595919
401.726578
385.762416
358.654972
326.983438
361.188497
362.840299
395.362205
407.754449
275.331212
219.209263
336.65391
364.578509
343.368699
281.349051
362.185728
330.424245
244.900612
288.594991
188.92431
409.430482
332.713266
210.124772
320.3479
219.037202
173.56449
112.75964
187.188046
283.177056
361.276152
218.241853
367.591995
381.735336
376.703427
392.059816
188.844164
403.450858
406.370953
388.183754
276.11663
294.592678
270.022183
197.167113
333.008827
293.707188
294.03074
393.274137
325.879979
368.046643
344.422188
386.708279
329.231441
268.157664
392.816221
332.207945
237.877226
339.433412
255.775978
293.15115
165.36953
174.052831
209.211303
289.730868
310.325661
267.094794
326.748944
370.447326
369.061414
360.070749
304.343717
326.689756
327.226326
309.593751
331.070321
228.616892
340.401871
243.720412
341.590947
369.886396
300.323459
179.415852
398.774565
397.199883
382.088142
402.484793
277.001945
406.162105
383.709763
152.882191
228.41297
381.169272
340.74339
210.180387
210.455
403.081948
311.739459
176.032459
372.142086
315.964731
382.601793
348.083835
335.25593
226.775751
284.534412
314.943306
304.166747
344.431986
302.522581
186.219284
335.305591
286.88483
304.720164
317.885362
385.372776
292.117286
137.243633
241.782041
379.570243
314.881421
314.359317
166.993967
164.934808
325.009857
318.083852
321.101942
346.806265
335.81398
318.533594
329.494691
390.98667
406.344738
389.80285
400.202068
371.361561
281.93498
260.707788
355.1935
349.64939
359.819905
266.67648
356.953225
396.470206
326.265238
329.032158
362.729793
360.760498
252.003729
396.776241
330.557411
231.209877
114.042642
361.044586
280.915147
329.690279
282.119624
354.558093
375.479468
303.082148
397.254161
384.484762
160.499566
394.119526
296.634699
402.985559
384.150845
278.181078
384.026498
291.752701
275.920994
205.280171
380.334961
202.55796
336.438854
196.951597
252.867093
118.355722
365.126525
362.842521
308.77941
347.603063
312.526459
303.880765
321.930726
325.087836
313.52566
250.38688
391.774248
185.809636
240.475333
280.667388
380.782673
306.992293
140.077992
342.218937
388.859135
367.906839
335.336324
344.158065
147.825849
347.557268
402.517026
385.74806
241.682364
363.533585
233.969008
198.725309
190.631288
222.365392
280.952819
299.543632
402.871184
383.812271
272.605484
393.480013
149.945586
221.325869
216.773909
281.694028
390.298702
202.535023
360.917287
358.839258
239.632355
377.616965
281.005521
323.266892
240.662312
336.911222
381.823264
397.162657
376.828498
353.338969
270.760723
365.325373
292.868159
376.207245
296.570729
365.364517
282.073782
353.725761
353.546759
296.61881
361.409605
226.53579
394.465956
402.236766
362.794928
394.510108
392.871964
179.965623
297.67492
228.21438
248.110782
378.347172
234.500848
402.989507
248.940103
274.630915
203.471197
301.331069
215.078123
329.074037
378.836102
346.345205
398.120292
187.361212
184.014015
364.719896
318.59295
226.332092
402.758318
310.181133
287.08475
293.858985
367.271665
360.298666
408.757111
386.96188
327.492673
284.616998
406.227182
335.278591
276.202855
364.135521
329.520725
186.335792
374.741927
314.494183
364.890084
366.30132
315.930421
328.99843
260.918373
328.98165
126.778469
338.921131
199.673239
286.563171
358.098257
403.718371
383.060546
277.163489
406.215263
203.956547
355.980874
393.477688
167.567196
174.941315
385.405191
307.672718
253.851122
340.65763
338.540865
389.871049
362.72758
275.88706
192.500733
187.301638
307.526982
260.108908
237.237231
385.763453
254.285588
316.520931
214.993954
220.827333
398.932872
253.359045
356.949389
372.866513
393.817311
311.034613
303.307117
289.096641
384.2738
393.829439
330.291264
367.316104
391.22722
351.832516
351.086244
242.630495
389.233565
291.068115
287.642533
128.510707
360.827517
219.113659
229.839555
352.799768
221.281928
280.65474
235.776618
284.191012
367.236082
291.321721
346.874029
305.945392
205.531326
329.970693
352.835516
211.240973
293.149712
306.282325
385.127754
233.272454
302.70603
327.480657
386.986851
308.157693
198.17534
282.926924
160.769181
301.640729
206.713335
302.228635
139.90275
393.387477
396.02332
180.60027
255.832752
302.183485
391.024029
280.599807
125.00745
316.02993
229.86438
219.627531
219.573328
376.090801
359.785885
328.8342
237.470646
307.087434
300.807375
219.427964
305.175587
183.115282
366.509907
371.344719
296.820053
390.360196
384.571246
360.340963
359.898082
355.606248
385.490286
316.658475
400.63249
220.8081
240.789329
244.905077
274.779444
230.806275
296.756057
286.714177
264.573015
331.519339
173.539312
259.447887
295.619134
293.514759
234.120299
347.166168
399.040391
360.328784
298.837182
403.022642
324.76254
362.040751
315.49998
341.761096
227.381414
248.19864
293.990222
395.453997
336.352587
405.806914
240.770489
293.68036
228.185368
403.265511
315.30832
245.221794
285.479958
204.608908
270.753298
196.739744
235.732924
329.791708
379.58453
266.078421
337.767778
398.686842
326.243733
289.430497
333.867237
372.425345
403.233727
336.549554
219.076975
334.40313
387.759033
398.678562
376.685152
349.986908
407.148128
375.939203
202.207253
362.829506
399.121678
279.36794
367.787591
303.749476
195.448651
248.994274
388.96309
157.507252
266.276361
379.415936
340.668163
229.587769
372.776325
304.962424
405.990472
253.779244
400.645559
355.321884
285.989409
263.860944
162.155396
123.811626
335.572383
342.597551
353.103385
269.18204
378.117382
291.348039
247.014716
239.07957
222.820812
398.845108
392.558093
334.770984
365.178271
378.265369
260.880249
134.745905
263.880134
220.301396
267.969996
323.193736
205.430558
395.060888
275.727646
392.667906
331.093357
380.176861
166.740914
308.183067
350.331065
318.090209
266.695209
166.110037
370.517196
357.185902
332.637083
406.331473
223.590628
348.569414
368.679802
353.523864
220.551867
157.160692
339.855552
388.938864
260.130276
232.131864
312.468779
256.668769
395.621097
296.256859
328.967745
319.529448
352.285826
294.351214
146.626814
284.378406
179.008099
385.494933
360.600743
259.912606
272.206898
344.13482
279.124049
404.786191
255.941181
308.877704
350.871702
328.743862
363.34642
378.620482
337.588356
276.396582
240.944691
395.30868
345.509653
249.099339
228.130039
351.872699
308.185163
237.35129
181.992374
404.34226
268.58454
322.388356
407.845292
209.83812
320.688514
359.171639
404.875668
237.346061
307.582977
224.514854
256.445692
335.301632
349.959875
304.052431
177.766283
226.132983
394.719978
299.311949
309.212857
353.283993
224.949446
350.4106
237.914036
322.111637
293.868068
284.941856
318.504617
394.818135
268.271565
345.279607
372.328429
350.39656
207.368178
400.247286
302.855446
285.042855
340.3338
213.903667
390.729305
285.661984
379.234737
221.161255
296.331222
202.253068
324.158002
135.227965
387.509606
335.899811
279.624329
141.510903
399.066024
328.388684
182.931214
330.436149
389.110643
384.324782
349.581589
391.31153
359.184016
331.151153
381.055009
367.950595
373.963143
373.990067
351.070971
342.478881
355.158095
348.518472
405.98154
310.393749
353.709319
381.488918
276.599803
244.738757
386.275001
238.081758
245.638604
269.060567
373.895027
384.519145
268.469347
193.747584
312.090741
300.515505
294.430789
232.503704
197.182503
407.330706
376.573811
368.176842
355.345469
161.88812
234.181512
187.002088
204.580211
238.974043
199.035769
403.386437
274.080565
228.282774
355.633451
316.927939
256.308585
323.106906
340.186051
332.037178
243.085275
344.541513
362.603297
338.548886
314.027216
294.210657
275.67452
316.162062
312.562532
334.578721
272.427947
384.815621
249.911133
362.57304
316.570787
262.105951
387.32297
337.125713
367.599521
398.711439
338.931278
307.520176
224.105808
349.769304
371.527649
381.736417
317.931523
351.881606
174.252607
216.688146
183.736139
320.692041
360.298319
407.709888
401.121461
212.828914
227.095527
386.022529
344.432377
351.573404
295.325277
238.455161
336.340758
159.702706
353.660683
375.577366
316.785065
277.713696
314.846476
363.021971
268.1369
190.145138
363.739529
366.659255
138.053196
386.216003
404.780695
394.533691
310.852199
353.82962
262.222896
351.368394
363.614287
392.914836
367.372784
251.823815
148.006832
219.443622
294.997052
309.446477
330.292205
252.232053
341.353798
309.858709
331.131919
268.652662
252.575911
376.402917
368.685122
195.157343
266.46481
301.638298
249.150719
370.706538
243.958977
241.057627
343.416648
236.55684
373.203691
381.594382
373.821527
310.514042
304.937986
344.418647
316.713203
275.378751
364.004681
248.002348
402.118933
258.825419
217.709346
379.496654
231.560734
310.889592
343.956498
336.189938
340.087391
321.074819
392.485489
174.355113
271.619756
293.037932
340.398087
399.125033
296.859299
304.279426
143.054327
306.358698
208.943652
326.975799
367.014389
329.148869
181.122166
310.970037
282.42835
349.947351
345.220543
298.475851
310.008657
312.255771
235.089456
328.815204
370.009094
204.676261
248.98281
371.333712
406.233279
379.748515
180.648358
388.426225
246.586752
381.468203
314.033254
302.86938
381.087803
339.770563
275.603616
300.841519
187.875671
362.50057
272.208308
293.894124
380.91051
244.647664
317.561364
181.115525
351.207772
311.668525
202.319966
301.146377
354.77159
400.523144
265.032782
372.087088
388.453907
337.842427
387.4395
406.924398
356.375664
342.495086
325.403129
365.028392
292.396858
340.072481
365.217945
345.695345
318.895444
234.09291
328.013301
267.117625
174.973754
401.551124
235.540703
345.154878
212.400111
381.781514
335.138003
371.849972
290.804803
147.555752
341.948513
335.881662
256.692014
292.509084
236.79201
164.495855
333.138578
350.94748
198.71512
312.555959
261.431674
215.723001
352.42281
299.008992
319.678756
290.994697
345.490707
342.47954
366.856619
309.762201
363.085229
357.30879
255.358238
379.92325
151.61184
380.979679
271.001538
267.199656
239.726514
388.273487
311.248643
346.366723
305.163031
387.990321
401.913176
337.548675
320.034372
262.487151
312.03394
371.255739
377.616256
400.42907
245.112541
351.532175
381.318632
183.167339
389.035746
205.662476
315.920406
201.99826
259.654102
390.272262
339.509152
255.299973
322.072621
277.1672
387.383804
286.144093
304.082481
320.282189
201.01081
323.092528
387.799551
239.436899
254.390978
271.490446
266.670619
310.677433
171.284682
408.749469
378.707915
357.051079
268.940933
364.92629
386.407034
371.615916
237.326965
169.36578
238.43126
384.011601
308.252917
359.449629
275.49482
270.701779
351.2805
269.856442
401.331145
351.194609
275.741733
230.979468
251.979384
344.774405
384.799689
287.606314
172.551731
353.01129
324.336429
386.910246
332.150072
337.912893
370.838753
297.395401
372.036089
179.521865
198.138117
259.504228
338.717716
333.866986
308.610744
225.328328
310.595375
369.044782
278.51833
359.03225
269.801209
287.5829
226.246521
314.407509
386.896741
213.640178
286.773386
319.703754
230.443712
149.905071
357.700234
202.725319
355.568073
309.164009
236.528997
162.245675
342.390433
321.651027
240.384593
400.907488
333.726094
395.045309
273.845971
191.041474
400.897498
398.662106
259.120324
389.615216
349.29677
306.04515
220.725656
345.232944
378.668943
310.794265
190.268344
250.447035
168.910471
251.877633
250.33939
282.229978
269.692765
228.823571
315.026852
208.631669
323.648104
279.777803
286.365834
119.394338
162.445151
235.566236
379.702047
358.480183
154.111528
401.007279
317.612524
330.820435
342.915248
321.27353
398.340265
268.282336
222.098458
398.056792
231.652876
251.479056
296.337742
387.786582
324.68437
318.43538
358.25791
373.527508
156.659558
337.6139
342.964629
239.863284
323.565101
342.417089
274.464047
340.319017
387.377602
231.820511
391.668946
313.44596
364.891924
200.560974
344.995644
314.939282
375.566706
312.437427
265.680525
234.343783
319.216777
304.896211
301.231696
349.814949
170.132019
262.180275
336.547111
138.094733
293.82794
210.800846
365.918173
387.114807
266.513063
330.79575
227.214748
328.905258
402.307622
344.098839
183.344598
403.508239
255.43523
242.552091
140.755561
234.730602
333.043137
169.091512
280.097733
174.467526
341.709645
311.609179
132.847771
379.451973
380.157159
343.625813
217.587933
405.502126
163.668021
279.17062
254.830788
365.198296
394.760036
302.123908
318.853383
291.837045
339.13194
363.036054
272.632668
385.025201
332.58349
235.571574
344.540743
242.925096
247.871959
136.13484
187.186702
336.112216
403.60948
256.922903
318.113735
178.809127
275.054825
327.03869
358.291363
167.107011
278.122349
236.179018
304.009075
263.127581
281.419859
397.043572
224.161296
186.033393
184.069973
185.072775
399.642719
363.085702
398.264759
307.323268
405.733838
372.182587
361.753064
266.458105
243.67899
364.523144
170.040074
309.3476
214.025384
308.229102
342.550702
279.997903
318.052252
219.444436
370.986399
317.161638
267.306967
351.671617
307.922577
287.423474
243.558015
222.546215
201.141383
307.971077
350.200382
257.215087
92.804481
319.977493
235.222898
363.233505
183.336345
391.391051
282.368614
389.074875
183.998912
328.418182
171.868267
306.819624
390.510266
344.627579
316.888089
279.802352
360.417614
218.845285
384.639282
157.284863
329.927149
222.836611
325.046984
170.022343
375.165168
377.839565
360.205933
290.298291
256.888122
338.667431
407.19096
217.775522
358.51125
317.972854
358.912406
309.829239
261.662819
363.377108
292.069572
288.786311
403.77121
328.013825
248.542535
211.456466
297.129978
273.909037
340.715995
350.220225
399.078258
326.971422
283.296748
230.954144
255.786397
380.127616
313.744749
253.665806
318.766063
233.914773
395.933183
290.169408
263.261539
291.525737
402.983089
301.398711
359.839215
298.049605
330.713598
351.69448
161.893065
237.705248
205.547311
320.009596
156.337322
369.839507
175.513122
356.803481
348.881322
197.655315
404.577501
403.963304
275.365865
355.066944
395.851081
353.112676
397.204702
277.5382
303.552358
245.061215
356.719745
352.634787
306.199254
296.816297
358.94669
344.513861
301.201287
367.937692
246.423207
339.186991
222.690578
375.959624
374.449463
346.928065
342.31687
326.834806
281.03954
177.088448
362.214945
322.729056
320.261097
384.126549
307.805684
288.374006
393.652842
200.623742
323.496797
334.917705
343.092793
367.509604
124.608851
376.059607
372.419588
375.008732
337.21161
270.963349
263.427166
216.609751
365.750433
400.26762
165.344331
340.513576
392.116498
399.285715
269.657293
362.123343
319.070631
294.417807
319.571315
265.825475
336.130305
378.92659
396.043286
402.551011
280.170905
246.231386
383.012281
214.271406
272.489587
373.409
381.983102
263.736612
287.298009
404.146124
360.356014
355.518259
304.769372
317.839791
366.040998
341.631107
288.125393
214.551135
302.223931
407.97796
179.664348
295.231152
338.10519
398.226499
365.356728
386.825709
249.079852
218.844621
222.483466
180.306283
320.317404
408.262621
96.117454
312.106481
303.790424
357.02273
304.331415
226.022443
371.73297
358.649523
289.69036
281.769893
311.663946
282.592415
403.373447
344.726414
344.402458
99.127722
351.039462
333.157017
321.028307
275.734496
266.356301
348.260757
389.661066
353.896916
294.753159
337.676696
296.786176
361.010857
181.998839
385.663787
345.462643
218.59268
352.200138
281.581836
330.117215
324.564428
350.939037
221.95241
283.950987
184.464734
401.903449
256.151124
301.988843
350.352563
264.427469
265.198654
294.695877
363.891175
379.412617
161.805203
385.939116
331.288212
336.075039
336.243293
317.441055
280.454183
323.92931
232.480719
394.877687
245.200043
388.287304
180.992186
338.335382
310.562104
304.726761
307.013245
291.083573
338.137164
346.583307
366.508617
257.519755
224.676681
378.608759
277.692888
276.010622
284.04339
200.409801
324.643783
149.273518
249.991323
337.970948
314.817361
264.800778
333.826611
282.170933
378.680073
397.808649
341.846193
296.297807
243.289339
387.780887
143.484537
385.073237
144.562807
385.212068
311.135989
356.632036
290.840354
406.532792
330.39036
315.957149
231.445984
300.719558
396.728568
294.014374
380.555173
230.282774
346.463785
328.502892
302.963058
278.295618
242.552495
392.880712
401.584898
285.406243
397.173305
242.049042
225.382343
378.340765
252.323505
399.271581
219.556669
270.524423
153.38135
232.046494
408.404017
350.582718
165.586046
378.780454
403.278467
236.181258
306.002963
275.644549
250.798578
250.420377
260.136242
302.654729
300.137644
383.439783
272.382239
110.240946
302.240465
166.936715
331.437379
328.062655
294.608089
278.895199
319.747089
226.597914
337.457452
196.646251
306.625656
346.609392
268.376518
304.727575
215.634347
320.953164
265.726753
290.451591
320.14051
141.517967
249.327429
381.533636
345.923215
328.560972
306.146073
181.572297
148.568489
346.259823
284.390582
218.920425
317.305958
117.729517
114.161611
307.144367
188.562006
375.857772
277.863452
247.978315
336.441373
345.386794
368.723079
236.567006
213.203767
399.395384
341.989469
385.552924
222.450879
374.075692
135.741064
382.972534
401.553612
173.621387
369.384562
173.120409
185.241602
361.658644
350.720958
213.1303
315.799454
173.376136
294.502538
202.070562
294.166791
372.370107
268.883145
313.345937
327.607273
343.043371
384.729976
304.18333
403.552149
234.527166
241.27776
301.589776
322.431721
302.941193
361.439781
167.125799
262.75881
395.661587
278.92561
281.084526
363.231617
328.079513
282.228588
237.236368
308.530067
216.50537
170.110287
291.530985
372.983341
304.856225
353.014761
371.773769
312.234206
375.776546
359.296929
276.2226
374.333198
256.497165
351.076682
139.568051
252.312157
402.142345
166.563669
325.401303
274.192964
311.312126
264.595982
330.91263
401.799615
200.448621
149.205447
261.108588
354.044386
375.759738
296.11818
388.602206
227.655956
317.548232
389.283007
383.594357
256.834524
307.566632
327.573618
322.348816
332.851143
277.813074
209.322626
243.806355
374.702694
384.974798
239.768124
267.146191
212.258734
330.827223
287.933075
342.499135
259.037384
271.574993
362.120689
289.96461
305.763127
269.303792
311.579907
242.826661
152.742455
259.601104
269.770162
267.943575
234.645803
380.752008
198.756471
291.837607
272.932225
216.189523
299.158985
304.42245
290.611441
253.91621
266.104752
379.333837
381.932629
238.977835
371.242439
233.189191
340.999237
323.683363
228.883801
334.272095
347.528515
241.001063
269.228397
323.414708
322.836025
334.808038
402.351794
371.260891
240.01257
367.26746
327.593894
351.55547
380.146632
392.120272
165.655666
300.670385
401.979662
334.85636
176.538327
334.809232
225.75254
323.044499
257.143674
345.536449
337.719065
244.862994
175.987648
194.49718
358.960223
337.637699
257.635082
148.830774
404.609593
328.310381
395.695593
385.816474
252.815861
390.779727
283.003141
338.968311
392.296216
386.518124
325.410638
261.02458
375.127998
301.59149
300.240131
181.468293
348.837731
237.25482
343.20658
190.984143
405.291654
372.556377
234.573799
266.88806
327.380559
338.525804
361.067842
291.004314
387.214239
339.488466
396.267666
346.591565
351.178299
269.589013
354.243028
226.084185
205.933453
349.963621
408.967987
288.251669
234.545686
326.062563
382.589892
360.312549
308.012212
339.505711
405.723595
240.736481
283.123053
197.850755
339.239735
286.986024
367.243999
378.424267
247.849235
396.543372
333.601898
341.433982
364.886342
361.204576
159.77329
341.591229
303.317682
375.641629
362.514597
376.593183
315.977262
227.46559
339.60705
332.402691
334.976729
250.844427
316.04241
366.39577
394.022081
224.375747
264.588752
291.526651
323.126895
255.267375
187.926521
136.573865
365.508462
339.482033
367.723878
369.789857
334.530651
372.730492
408.645412
296.331539
385.736271
406.073683
327.126622
208.038208
275.294185
369.279132
337.040252
236.494976
262.685675
172.421317
148.804801
397.514974
250.202473
296.227509
278.268229
161.629955
330.280902
320.184555
368.837849
271.289866
279.769337
310.020484
348.673639
357.760906
312.129789
348.424879
371.357113
259.018384
302.193856
239.23668
321.902754
149.250699
300.890204
290.931725
352.924618
214.884136
228.135086
220.724691
269.261852
333.345679
266.915343
263.75254
296.365997
328.304852
355.609324
347.719817
375.79094
389.118303
210.121326
222.628877
386.271136
389.123955
182.991046
380.154196
276.668252
295.579929
352.499035
377.083778
284.176914
183.698514
293.965879
302.571077
286.249008
381.210082
375.801604
230.457092
358.958357
318.710961
315.020015
309.594204
209.437696
326.360859
390.079054
389.683818
345.337684
343.605253
288.685921
343.605735
272.645434
326.730046
209.893471
405.527148
333.760059
388.381394
350.878833
301.906585
303.622567
376.513773
269.912446
403.079917
378.265838
260.965017
143.035625
366.883821
296.720495
394.504432
188.181069
384.965704
296.628141
305.684203
391.805402
236.014481
289.513915
303.262104
377.602994
115.024058
277.953895
333.847478
277.471362
347.189839
294.322409
304.097482
151.38395
282.933614
159.082588
303.36904
360.283269
266.377035
328.775071
279.63134
349.89489
358.266916
290.644805
300.817695
361.582631
376.598555
236.248014
323.255064
153.319111
224.882212
406.500011
401.810549
260.015419
299.18314
259.322897
252.433527
332.212786
351.163906
148.637901
253.651798
387.602182
404.490924
249.097098
299.585361
294.293183
298.607777
346.21294
273.682578
312.039437
375.76304
323.152103
325.546543
349.088458
394.071869
305.30089
307.695224
296.704744
192.632383
245.506722
303.508144
391.35626
352.169183
195.411659
382.704422
382.045318
191.663542
218.201653
259.106879
272.71392
246.151541
282.873555
381.864255
226.450838
281.207062
384.473004
183.303963
368.488746
332.201173
242.885769
370.086934
352.8636
288.030722
397.016035
294.702654
219.364994
332.750657
259.50397
276.26538
369.45871
330.066783
259.764332
362.491963
302.188606
297.749546
393.46166
269.24258
284.287965
306.041779
334.000186
353.95609
102.305729
277.156776
315.349914
235.890073
308.294436
232.184771
238.56776
331.830823
374.964003
393.120147
399.75109
346.009524
398.944343
277.941209
405.542327
174.771357
301.157332
338.655736
253.637569
153.076599
332.472578
319.262122
327.326038
367.207975
365.73293
150.408472
277.711612
346.405226
323.795297
398.835075
266.435607
243.100287
314.162832
324.621499
387.13281
342.367169
256.748219
352.901012
370.230845
207.751131
367.872377
343.818016
379.952957
366.375325
284.728926
361.78379
205.219187
139.568565
403.178621
349.15611
398.415493
166.342489
402.667719
316.582644
352.836125
311.513557
261.431063
301.749967
351.172831
226.71874
405.39237
271.908606
395.436573
385.042036
295.242442
192.086431
377.958931
257.6174
322.51392
300.654245
394.801768
323.239331
183.231062
346.006749
306.792838
362.242683
287.998498
160.802178
305.721428
373.708354
390.822653
318.577163
363.346513
158.374713
281.673741
340.45736
339.398909
366.285267
307.163838
320.195965
283.429503
385.843169
359.371441
335.844105
248.452888
267.285789
318.235792
308.491381
326.433225
392.754963
287.207521
209.15602
258.578821
236.460293
274.168838
277.514297
305.505773
285.625847
285.456766
150.65416
358.290223
358.943377
277.912791
384.877911
287.068299
324.699051
288.517095
309.746274
267.864946
216.321447
285.841947
318.607588
315.877127
154.011097
373.001115
357.652056
313.850931
359.148587
233.831625
215.046358
129.562172
398.982328
333.739374
316.560422
245.911265
390.478576
400.829515
331.523409
300.095195
224.304527
220.311205
357.740283
295.828901
338.799319
202.97271
396.164055
338.261271
292.148075
267.58825
380.774841
334.490973
332.290099
315.044882
292.638218
404.097254
347.683265
375.571117
367.311454
190.532027
240.689339
389.041453
229.835424
368.42688
187.745696
397.363732
246.456581
306.705248
225.325548
192.401488
296.157841
371.301115
374.44191
390.619826
401.485023
179.558438
359.101969
328.319414
185.791592
309.968271
337.803234
389.873888
310.84596
331.27412
311.451189
314.712262
369.248637
381.37073
234.214806
298.250883
254.401488
369.959902
401.863227
332.00162
379.215464
233.196886
360.459547
349.680382
293.280961
364.160299
170.310429
391.274962
322.939169
280.396581
377.424949
261.423864
259.72949
369.537557
322.662642
306.76422
402.38242
393.016501
320.950186
368.908436
363.114123
284.154071
212.47836
326.733717
401.067535
353.376808
165.289713
189.342621
391.379991
289.061419
248.046062
328.136393
136.286181
268.719308
352.546047
295.507674
389.039933
292.153117
317.556434
342.142207
256.065125
371.373223
145.533858
386.784515
276.713935
246.492043
268.35227
392.450282
155.243518
406.780289
213.820275
389.437936
353.934519
215.237775
272.423439
315.675418
343.790543
248.966137
406.830744
303.185122
318.27729
171.923597
398.774125
290.706221
174.512919
237.165119
291.85409
158.741783
190.39716
313.024281
331.018507
297.627308
311.369999
326.689724
316.109743
372.678859
334.891766
376.828676
370.667542
402.136183
345.743289
286.103131
157.781007
202.407721
127.431923
319.708271
328.205941
255.381188
223.954184
299.752171
404.707337
364.431419
305.012422
223.121251
350.075073
197.864943
209.055082
239.683483
183.662878
370.358001
347.402143
160.707934
228.676739
292.573674
211.400878
118.50091
296.994821
346.877428
350.561367
197.641139
377.302426
245.656041
348.764664
363.786662
213.38156
340.679606
308.127412
381.520373
379.054934
371.652991
254.809407
358.867921
254.561386
372.585025
286.079117
327.019337
375.251859
251.871206
368.051461
374.065517
133.250031
342.633415
350.351814
377.098159
290.178013
235.67758
329.489215
298.181717
251.658414
394.234461
195.411586
271.374608
397.08229
387.51451
235.482037
360.271376
287.914471
394.79119
335.755282
318.661879
364.810308
373.754708
404.419879
291.50106
325.406278
229.70562
275.488743
399.861328
198.491638
334.721986
230.161622
407.906489
290.515196
327.30046
270.769457
377.954758
360.651956
375.943236
403.77335
329.346251
328.504501
228.446515
374.651716
363.440588
352.768565
394.760486
398.429364
242.89278
241.404944
225.164227
357.09915
305.017687
303.84148
238.209514
354.577173
310.283271
322.184855
339.549156
351.095323
346.027722
253.343712
340.987181
290.237912
361.961974
346.571198
221.805153
316.678975
290.018447
206.391291
246.755474
301.44146
300.136643
351.076205
259.637956
359.244545
181.928682
367.004002
311.575534
191.106232
298.851315
268.127045
315.2117
263.893984
329.41373
331.396249
291.392193
346.507227
321.386112
305.967482
354.830404
255.084901
169.307442
197.893904
246.013511
268.563243
207.882394
386.054445
206.039208
370.484381
364.429029
215.049431
242.648339
361.739466
340.644205
341.178387
343.442648
246.572657
226.670866
381.727604
332.928328
295.211006
263.330805
130.165456
373.24906
298.041221
108.90065
362.666341
234.631672
203.778694
285.12847
237.866076
134.059835
292.785448
337.235959
257.094204
251.015555
306.697463
282.989532
399.066755
396.641961
178.739447
365.026847
261.873631
397.977806
317.168053
310.009819
382.319396
260.612887
398.145438
260.223908
395.892466
310.660515
389.896186
243.027866
342.532318
340.288736
387.88917
225.883686
275.542574
381.540586
333.745617
353.304674
289.655406
336.728939
195.132944
264.784524
323.754611
259.045748
320.316491
341.682874
284.095882
304.616074
347.918607
196.558675
317.988981
247.681642
361.633857
328.554722
271.049628
341.593659
407.375852
270.029096
326.596067
255.986685
361.391452
242.374004
387.960815
346.215515
292.626594
275.029303
305.474074
327.334304
210.586387
358.681026
286.028893
252.750379
331.893539
228.00275
271.233734
279.630799
351.175231
399.580069
258.195181
266.032744
335.545757
210.179892
314.0895
323.777995
268.597236
255.725822
317.141204
398.355225
279.03404
227.050668
294.364217
350.815304
308.09663
291.756541
304.207843
339.047897
371.149384
287.354827
400.29502
251.638144
299.996371
385.440748
307.206424
328.663462
206.038332
118.087071
186.164237
279.952749
324.530313
261.2235
367.908524
254.528392
365.341528
307.462287
303.732579
376.659288
383.388948
347.058944
309.630927
313.26666
380.883974
177.614887
317.571794
285.58545
259.353675
322.346266
378.248524
354.601395
190.407981
398.247872
332.911558
306.005775
327.688573
360.414928
325.188793
394.364254
374.323118
348.918695
230.560128
280.869306
389.701071
248.017307
361.590715
361.207998
385.980195
265.621279
277.213061
187.029178
273.663104
267.180532
240.644671
397.253748
397.639619
301.946094
382.369973
386.246545
386.401901
221.126245
249.532978
345.804413
318.455446
226.965366
398.220676
322.691658
319.378975
224.11833
259.145554
403.162519
348.232171
219.148384
245.215858
297.393622
255.591702
368.161569
340.543556
315.511424
314.601882
282.976299
398.299713
346.469124
244.536906
360.049667
295.371155
294.663768
371.8909
304.891237
318.831803
209.015111
232.798033
326.880829
113.498708
289.992453
339.991061
399.369981
308.574896
315.689433
137.175834
330.155812
347.678869
342.282538
291.499446
318.84291
347.060434
374.685341
298.737987
352.484483
302.794981
336.557946
295.20363
312.712663
390.373432
357.422757
183.995288
286.647447
405.021291
285.958005
239.142096
352.568109
211.371226
348.926819
267.61513
381.371577
351.788277
380.847263
274.467185
388.639454
358.547143
375.727757
198.611919
229.507127
344.472985
386.762437
359.620966
343.713043
348.713049
221.473361
331.772815
334.656544
219.559385
376.077576
222.35661
227.680431
364.424165
291.663956
353.25035
386.521069
375.543276
299.137811
322.376554
347.644538
313.492603
281.89559
321.567534
390.258847
336.00338
377.773702
305.963993
341.060611
209.916704
240.723778
266.824645
352.676833
100.528255
209.414998
386.189821
209.762791
267.859782
360.814331
187.460562
380.746584
293.750804
318.235059
332.6405
364.456759
210.780859
322.07583
276.445447
309.485964
276.755628
318.76633
201.377157
278.692172
340.396159
252.854149
379.013876
344.123382
301.50194
295.413985
343.217424
138.837118
403.044152
283.715533
291.978759
293.039059
396.15407
371.683544
331.46806
339.639205
332.697606
274.397403
364.181453
313.859776
