Reg#  RType  BP(x,y,z)           Dim[m]          Orient          Grad B [T/m]  Spec   Loss    Depol   WPot[neV]  BPot[neV]  Scat   Absorb[1/s]   Det  PM  SM  LM  DM
0     2      0.0,0.0,0.0         0.17,0.01000    0.0,-90.0,0.0   0.0,0.0,0.0   1.000  2.0e-4  1.0e-6  350.0      350.0      0.0    9999.         0    0   0   0   0
1     2      *                   0.17,0.03900    0.0,-90.0,0.0   0.0,0.0,0.0   1.000  2.0e-4  1.0e-6  350.0      106.0      0.04   25.0          2    4   0   0   0
2     2      *                   0.17,1.00e-5    0.0,-90.0,0.0   0.0,0.0,0.0   1.000  2.0e-4  1.0e-6  350.0      0.0        0.0    0.0           0    0   0   0   0
3     2      *                   0.17,1.00e-5    0.0,-90.0,0.0   0.0,0.0,0.0   1.000  2.0e-4  1.0e-6  350.0      106.0      0.04   25.0          3    4   0   0   0
4     2      *                   0.17,1.00e-5    0.0,-90.0,0.0   0.0,0.0,0.0   1.000  2.0e-4  1.0e-6  350.0      0.0        0.0    0.0           0    0   0   0   0
5     2      *                   0.17,1.00e-5    0.0,-90.0,0.0   0.0,0.0,0.0   1.000  2.0e-4  1.0e-6  350.0      106.0      0.04   25.0          3    4   0   0   0
6     2      *                   0.17,1.00e-5    0.0,-90.0,0.0   0.0,0.0,0.0   1.000  2.0e-4  1.0e-6  350.0      0.0        0.0    0.0           0    0   0   0   0
7     2      *                   0.17,1.00e-5    0.0,-90.0,0.0   0.0,0.0,0.0   1.000  2.0e-4  1.0e-6  350.0      106.0      0.04   25.0          3    4   0   0   0
8     2      *                   0.17,1.00e-5    0.0,-90.0,0.0   0.0,0.0,0.0   1.000  2.0e-4  1.0e-6  350.0      0.0        0.0    0.0           0    0   0   0   0
9     2      *                   0.17,0.30000    0.0,-90.0,0.0   0.0,0.0,0.0   0.970  2.0e-4  1.0e-6  350.0      0.0        0.0    0.0           0    0   0   0   0
10    2      *                   0.17,0.10000    0.0,-90.0,0.0   0.0,0.0,0.0   0.970  2.0e-4  1.0e-6  350.0      0.0        0.0    9999.         1    1   0   0   0
/