Reg#  RType  BP(x,y,z)           Dim[m]          Orient        Grad B [T/m]  Spec   Loss    Depol   WPot[neV]  BPot[neV]  Scat   Absorb[1/s]   Det  PM  SM  LM  DM
0     2      0.0,0.0,0.0         0.36,0.40000  0.0,0.0,0.0    0.0,0.0,0.0   0.900  5.0e-4  1.0e-6  335.0      18.5       0.0    0.287         1    1   0   0   0
1     2      0.0,-0.08,0.4       0.18,0.01     0.0,0.0,0.0    0.0,0.0,0.0   0.900  5.0e-4  1.0e-6  335.0      18.5       0.0    0.287         0    1   0   0   0
2     2      *                   0.18,0.85     0.0,0.0,0.0    0.0,0.0,0.0   0.300  1.0e-3  1.0e-6  335.0      18.5       0.0    0.287         2    1   0   0   0
3     2      *                   0.18,0.0400   0.0,0.0,0.0    0.0,0.0,0.0   0.900  5.0e-4  1.0e-6  335.0      18.5       0.0    0.287         0    1   0   0   0
4     2      *                   0.18,0.11     0.0,18.0,0.0   0.0,0.0,0.0   0.900  5.0e-4  1.0e-6  335.0      18.5       0.0    0.287         3    1   0   0   0
5     2      *                   0.18,0.11     0.0,36.0,0.0   0.0,0.0,0.0   0.900  5.0e-4  1.0e-6  335.0      18.5       0.0    0.287         4    1   0   0   0
6     2      *                   0.18,0.11     0.0,54.0,0.0   0.0,0.0,0.0   0.900  5.0e-4  1.0e-6  335.0      18.5       0.0    0.287         5    1   0   0   0
7     2      *                   0.18,0.11     0.0,72.0,0.0   0.0,0.0,0.0   0.900  5.0e-4  1.0e-6  335.0      18.5       0.0    0.287         6    1   0   0   0
8     2      *                   0.18,0.05     0.0,90.0,0.0   0.0,0.0,0.0   0.900  5.0e-4  1.0e-6  335.0      18.5       0.0    0.287         7    1   0   0   0
9     2      *                   0.18,0.0001   0.0,90.0,0.0   0.0,0.0,0.0   0.900  5.0e-4  1.0e-6  335.0      54.0       0.0    2840.0        8    1   0   0   0
10    2      *                   0.18,0.05     0.0,90.0,0.0   0.0,0.0,0.0   0.900  5.0e-4  1.0e-6  335.0      0.00       0.0    0.000         0    1   0   0   0
11    2      *                   0.18,0.02     0.0,90.0,0.0   0.0,0.0,0.0   0.900  5.0e-4  1.0e-6  335.0      0.00       0.0    9999.0        9    1   0   0   0
12    2      >0.0,0.01,1.1       0.14,0.0100   0.0,-90.0,0.0  0.0,0.0,0.0   0.900  5.0e-4  1.0e-6  335.0      18.5       0.0    0.287         0    1   0   0   0
13    2      *                   0.14,0.0400   0.0,-90.0,0.0  0.0,0.0,0.0   0.900  5.0e-4  1.0e-6  335.0      18.5       0.0    0.287         10   1   0   0   0
14    2      *                   0.14,0.0200   0.0,-90.0,0.0  0.0,0.0,0.0   0.900  5.0e-4  1.0e-6  335.0      18.5       0.0    9999.0        10   1   0   0   0
/
