Reg#  RType  BP(x,y,z)           Dim[m]          Orient          Grad B [T/m]  Spec   Loss    Depol   WPot[neV]  BPot[neV]  Scat   Absorb[1/s]   Det  PM  SM  LM  DM
0     2      0.0,0.0,0.0         0.17,0.01000    0.0,-90.0,0.0   0.0,0.0,0.0   0.500  2.0e-4  1.0e-6  350.0      350.       0.0    0.0           0    0   0   0   0
1     2      *                   0.17,0.03900    0.0,-90.0,0.0   0.0,0.0,0.0   0.500  2.0e-4  1.0e-6  350.0      106.       0.04   22.2          0    4   0   0   0
2     2      *                   0.17,0.31000    0.0,-90.0,0.0   0.0,0.0,0.0   0.970  2.0e-4  1.0e-6  350.0      0.0        0.0    0.0           0    0   0   0   0
3     2      *                   0.17,0.14000    0.0,-50.0,0.0   0.0,0.0,0.0   0.970  2.0e-4  1.0e-6  350.0      0.0        0.0    0.0           0    0   0   0   0
4     2      *                   0.17,0.13000    0.0,-29.0,0.0   0.0,0.0,0.0   0.970  2.0e-4  1.0e-6  350.0      0.0        0.0    0.0           0    0   0   0   0
5     2      *                   0.17,0.33000    0.0,0.0,0.0     0.0,0.0,0.0   0.970  2.0e-4  1.0e-6  350.0      0.0        0.0    0.0           0    0   0   0   0
6     2      *                   0.17,5.00e-5    0.0,0.0,0.0     0.0,0.0,0.0   1.000  1.0e-3  1.0e-6  350.0      76.        0.0    2981.         0    2   0   0   0
7     2      *                   0.17,0.26322    0.0,0.0,0.0     0.0,0.0,0.0   0.970  2.0e-4  1.0e-6  350.0      0.0        0.0    0.0           0    0   0   0   0
8     2      *                   0.16,0.05000    0.0,0.0,0.0     0.0,0.0,0.0   0.970  2.0e-4  1.0e-6  350.0      0.0        0.0    0.0           0    0   0   0   0
9     2      *                   0.16,0.05000    0.0,0.0,0.0     0.0,0.0,0.0   0.500  2.0e-4  1.0e-6  350.0      0.0        0.0    0.0           0    0   0   0   0
10    2      *                   0.16,0.05000    50.0,-3.8,0.0   0.0,0.0,0.0   0.500  2.0e-4  1.0e-6  350.0      0.0        0.0    0.0           0    0   0   0   0
11    2      *                   0.16,0.60000    50.0,-3.8,0.0   0.0,0.0,0.0   0.970  2.0e-4  1.0e-6  350.0      0.0        0.0    0.0           0    0   0   0   0
12    2      *                   0.16,0.05000    50.0,-3.8,0.0   0.0,0.0,0.0   0.500  2.0e-4  1.0e-6  350.0      0.0        0.0    0.0           0    0   0   0   0
13    2      *                   0.16,0.05000    20.0,-2.5,0.0   0.0,0.0,0.0   0.500  2.0e-4  1.0e-6  350.0      0.0        0.0    0.0           0    0   0   0   0
14    2      *                   0.16,0.97000    20.0,-2.5,0.0   0.0,0.0,0.0   0.970  2.0e-4  1.0e-6  350.0      0.0        0.0    0.0           0    0   0   0   0
15    2      *                   0.16,0.05000    20.0,-2.5,0.0   0.0,0.0,0.0   0.500  2.0e-4  1.0e-6  350.0      0.0        0.0    0.0           0    0   0   0   0
16    2      *                   0.16,0.05000    58.0,11.2,0.0   0.0,0.0,0.0   0.500  2.0e-4  1.0e-6  350.0      0.0        0.0    0.0           0    0   0   0   0
17    2      *                   0.16,0.76000    58.0,11.2,0.0   0.0,0.0,0.0   0.970  2.0e-4  1.0e-6  350.0      0.0        0.0    0.0           0    0   0   0   0
18    2      *                   0.16,0.05000    58.0,11.2,0.0   0.0,0.0,0.0   0.500  2.0e-4  1.0e-6  350.0      0.0        0.0    0.0           0    0   0   0   0
19    2      *                   0.16,0.05000    20.0,0.0,0.0    0.0,0.0,0.0   0.500  2.0e-4  1.0e-6  350.0      0.0        0.0    0.0           0    0   0   0   0
20    2      *                   0.16,0.70000    20.0,0.0,0.0    0.0,0.0,0.0   0.970  2.0e-4  1.0e-6  350.0      0.0        0.0    0.0           0    0   0   0   0
21    2      *                   0.16,5.00e-5    20.0,0.0,0.0    0.0,0.0,0.0   1.000  1.0e-3  1.0e-6  350.0      76.        0.0    2981.         0    2   0   0   0
22    2      *                   0.16,0.01000    20.0,0.0,0.0    0.0,0.0,0.0   0.970  2.0e-4  1.0e-6  350.0      0.0        0.0    0.0           0    0   0   0   0
23    2      *                   0.16,0.10000    20.0,0.0,0.0    0.0,0.0,0.0   0.970  2.0e-4  1.0e-6  350.0      0.0        0.0    9999.         1    1   0   0   0
/