Neutron Energy (neV) - 100000
187.391696
354.316305
231.833899
378.703185
321.58037
190.767084
175.437651
396.640503
318.268315
246.973428
280.627388
186.86355
379.229318
374.237916
312.180176
323.05656
249.893842
305.103313
311.468556
302.439794
298.133833
377.476813
392.858719
342.599834
315.497179
180.495574
363.664576
236.133613
310.494952
382.249664
334.071466
310.61694
388.703185
233.711762
342.889136
384.069439
332.068653
348.48827
402.552905
373.240582
372.253846
130.888508
305.171709
350.095457
375.431514
341.61606
358.4396
272.362654
146.595698
334.500587
376.407006
331.547253
307.632086
343.613919
267.367083
350.731113
277.35622
392.161924
378.52929
311.311679
377.612255
345.463975
295.608176
370.280181
308.951024
194.746489
333.353348
372.763754
253.340806
208.398857
365.967977
330.265496
377.655154
353.255038
294.808451
272.060975
339.543117
263.604293
374.381972
361.106639
340.595868
309.079019
359.6105
304.035248
368.163723
312.057398
207.010903
385.071529
311.096076
318.864298
303.837729
330.064191
391.94689
240.324413
203.378953
372.487205
367.680735
332.82837
279.019786
342.153609
142.842007
317.653024
263.670087
217.876407
390.888925
177.809187
373.616801
307.88976
248.920558
160.429971
383.444783
264.26563
294.713264
314.276383
334.513423
196.398136
332.168346
397.611977
346.679068
261.283957
274.162243
178.314289
382.365018
254.913133
299.885442
289.082895
260.503101
188.522089
296.222726
362.538052
405.880379
303.413096
396.420206
315.838917
196.49629
239.06851
405.539781
386.123192
253.107543
167.74477
294.361232
364.223015
310.341743
393.446465
364.120024
389.164442
335.984919
130.283196
292.040519
249.056649
359.886615
313.004867
402.112283
310.743305
243.171277
316.584519
181.98249
301.237288
399.188209
363.108975
375.711281
238.460172
253.457586
279.197206
339.556933
401.526011
255.300757
318.911533
390.433219
392.920817
234.26648
319.279795
278.069184
383.531775
347.021425
293.910049
285.224632
247.905365
305.43559
208.749798
370.920179
129.272983
383.713702
241.040106
206.098544
382.781083
292.389326
386.091562
289.231407
382.493041
331.732661
195.489837
159.298835
404.854242
400.052325
285.181445
299.377018
352.87959
183.574403
187.453649
365.944551
374.03146
219.341692
252.378229
181.139241
375.538415
284.325725
277.956508
184.96303
307.056753
205.718495
361.808917
356.039322
317.897446
279.082986
378.907951
397.139655
266.081459
143.744086
330.370673
391.517291
209.533246
311.767569
184.288543
332.186308
352.921461
329.911689
359.686936
308.583124
245.576321
370.825487
373.900432
232.654791
388.897165
303.11933
128.417768
135.373857
408.291027
402.809175
363.077172
402.832412
380.710753
114.299407
330.189855
356.718313
316.485453
368.493685
323.478602
362.115048
323.662757
407.353433
295.48689
333.099101
285.886496
357.499552
292.567959
393.267026
383.328954
322.636481
390.874593
368.908489
317.871678
402.349577
239.045074
296.840543
130.192373
275.870767
339.669787
298.402761
291.434931
386.848961
219.922245
407.834783
386.190626
288.283946
401.29605
251.939252
359.543469
279.778264
391.427511
294.037803
210.989495
284.132567
333.70789
394.632885
344.053973
316.301943
357.559251
172.678941
311.550268
349.644732
370.852429
268.390125
207.549728
353.071508
170.898201
337.279582
202.632792
288.668493
246.708653
384.695068
375.773589
264.080693
310.181376
355.866349
336.691344
348.023188
226.621676
298.84131
284.43638
246.698139
266.053275
230.674799
262.603612
310.971393
260.347168
339.905088
280.900966
388.71278
315.653976
316.781565
384.679605
381.806679
302.314924
296.780633
247.530355
294.868808
300.315147
383.869841
295.251317
391.554566
291.135518
308.456572
270.541102
296.821302
320.024311
298.19889
216.092206
340.979997
230.41663
376.958018
394.726414
403.021037
245.264533
367.276279
311.813981
270.194033
406.170078
304.116303
172.483191
394.914782
232.262287
395.23949
379.17413
323.080442
381.813362
245.919728
250.117547
130.670044
198.668083
274.441702
284.17475
326.484213
395.412413
293.198597
156.996164
350.733715
239.306448
348.917805
115.116543
319.52493
293.80083
293.659266
225.649269
287.271558
293.738679
339.292851
323.770242
377.506505
336.288562
399.777382
367.85714
241.857648
300.806186
241.073966
370.90043
254.206476
276.653935
203.063405
281.308836
281.345884
377.946505
337.257024
326.568457
369.651394
404.221588
293.649252
313.922511
289.997511
345.640363
351.266886
265.552129
334.151765
392.430834
312.232757
360.708441
329.482495
270.320059
335.795641
402.272826
269.797323
388.244383
348.145887
340.417906
277.157683
395.624742
276.842554
385.38935
312.057378
312.554526
384.918228
202.651533
170.001068
303.496872
372.477452
394.905282
289.017702
269.207431
166.281109
388.829868
320.141673
296.850638
325.118013
219.012488
365.598206
374.214625
225.01582
329.721258
343.422252
346.608839
378.024185
340.731466
323.498801
271.178073
348.421046
345.021419
290.355799
349.942236
374.819046
395.675484
272.773119
318.265414
268.070752
348.011792
377.079735
219.12192
241.963766
281.585583
281.996144
357.943787
279.579097
238.914175
404.129255
248.272597
407.022272
274.006065
280.681387
366.661588
289.16962
182.025512
353.543503
356.705091
358.879442
396.40825
357.818154
390.384909
399.497167
275.717616
305.167964
166.51976
386.38456
194.529634
220.162695
352.893147
304.65204
343.171334
382.073767
391.705422
193.063167
381.538619
240.973619
381.749178
305.249326
312.432768
291.964903
304.418554
226.186052
402.864284
303.990424
379.259799
362.855951
339.000888
339.39287
295.889658
342.959085
359.138215
319.40555
335.826448
380.279426
381.629347
331.770678
368.168227
373.558575
315.498332
276.898697
325.061911
309.56664
365.208339
124.022135
392.272394
295.465935
344.808231
370.716179
190.253106
151.672027
378.756609
317.860633
170.876398
132.796136
318.481621
331.490937
222.343283
325.628644
272.167205
389.68016
289.62804
258.54268
275.264523
310.866661
225.970187
359.387034
352.398585
293.07287
376.646153
301.908275
289.012503
380.413161
120.78329
131.214702
273.626394
204.684741
310.847747
333.638223
313.69021
208.881985
192.468621
258.452782
312.777592
341.812742
314.604976
217.58828
384.580277
319.267585
357.112275
306.987349
333.758389
384.825282
348.574915
299.19281
395.633737
164.701932
379.387142
249.41546
317.790486
401.908268
380.182334
387.708917
259.619325
123.968922
360.501546
389.908753
367.025044
304.529173
251.448114
311.383746
265.241261
275.586766
315.453936
361.505144
297.132861
209.636551
268.265582
344.11148
187.03432
351.76293
262.492952
363.123628
366.062623
371.580367
357.112585
259.177041
158.273657
309.480172
240.382413
396.323899
399.067154
405.534282
366.99846
177.718412
297.261788
406.099746
255.646327
224.115189
224.890568
399.565952
132.792752
260.924953
404.097056
303.271594
257.648575
344.368111
394.213535
222.903804
246.057037
360.179555
253.975204
407.090754
300.665135
399.163214
278.143306
373.355821
350.963257
150.817954
291.586205
237.693992
138.950423
294.514909
297.989792
239.795822
405.473924
189.430465
284.47428
370.77907
355.090265
268.027485
341.923071
360.921908
192.217848
302.953933
378.964474
251.978955
390.253768
362.366135
388.94819
374.657683
294.67108
375.029855
185.156414
297.234868
262.343287
313.038732
361.816388
396.361209
337.874845
390.633716
254.38274
278.527401
293.563416
321.714853
361.782473
325.960072
278.639852
390.106925
201.507231
217.402269
353.21255
345.94484
274.488165
406.014527
311.897233
326.484811
351.446795
363.933491
363.962728
201.756277
341.977275
336.166587
263.131544
343.946834
200.759349
392.805345
287.612348
370.117986
226.744075
252.921857
396.725135
406.906351
245.911923
307.077849
395.719356
234.686076
374.813947
398.063545
370.83957
405.453041
298.294564
244.589202
329.222766
296.38553
299.573374
397.944465
406.449721
355.366064
396.339853
346.670592
139.549241
195.517334
351.800224
225.476419
229.701127
203.642992
139.189901
213.028277
373.320729
158.676973
145.333649
359.204379
283.670868
268.957389
237.592233
222.990318
364.97284
112.612868
311.219175
385.155037
314.252118
256.502629
220.968997
222.361562
359.916504
156.937465
247.187345
371.969357
302.439314
214.370416
301.316802
295.978457
266.932289
197.523915
350.889446
295.746779
405.911631
247.781327
322.329462
217.861858
205.960834
162.700545
159.027856
367.909413
352.196908
328.981927
361.9963
316.024425
369.913201
162.955423
239.573383
375.381691
213.969311
182.839646
328.244262
327.106918
294.603749
112.42957
231.220676
404.832297
335.447147
343.730501
368.024462
176.759561
363.655152
322.355903
388.976611
315.262341
291.741065
328.377946
403.088544
307.156875
207.702757
325.970946
219.932731
307.966538
277.353154
403.967903
283.919148
326.495034
234.394222
362.165277
397.675254
310.052978
235.854108
374.057579
372.979895
324.25306
364.135617
227.295055
351.555028
401.578168
379.889591
346.181771
174.64007
268.801361
401.498633
309.763335
317.057735
404.451758
395.403638
301.915378
372.946237
396.318412
349.81919
295.94973
242.065691
287.368417
251.069389
209.993991
294.298679
327.738846
296.336763
336.985385
222.153866
268.381179
358.031457
276.627117
387.529423
233.666673
214.574338
404.418985
379.508216
406.025578
401.76567
386.374903
299.481283
289.449522
342.972703
172.89493
393.570694
304.754959
162.168082
380.655588
210.97942
227.367181
302.202535
349.819516
299.056431
355.446755
274.571461
236.497865
333.029711
281.694288
272.322282
321.347396
361.518773
342.94963
231.913186
327.632164
123.489852
359.651342
255.46467
378.801491
349.413493
362.185761
290.934745
286.477316
381.08842
206.272115
225.580524
339.645359
389.762996
223.632891
399.309459
240.264695
359.762464
355.185322
156.164389
382.119579
331.352707
232.135955
184.750168
347.102297
236.392098
372.019093
318.435683
305.046255
197.428252
325.743831
249.876035
188.130469
151.782845
406.484354
302.023198
251.619833
199.520138
349.87642
385.425839
246.805146
199.036834
268.420264
266.411624
305.759319
200.38437
383.149972
384.548242
407.233412
261.333578
255.248242
323.654178
381.931811
396.050129
307.853464
386.992191
331.139256
378.169189
389.706364
322.237134
291.934405
292.546092
293.142892
408.041041
228.083924
286.096241
134.692905
298.311941
363.990555
305.700727
199.756592
255.802746
289.397563
258.792203
390.437083
253.402975
319.058776
306.122185
397.416341
347.100367
270.307541
211.264685
275.924009
299.880318
296.947639
301.068255
404.835255
363.160332
354.203102
348.095854
365.630476
242.451852
368.950947
270.086551
391.937528
309.006165
302.06266
371.125546
364.214307
351.798237
300.15016
324.205339
257.22183
366.33827
345.925031
359.95345
243.666219
390.98022
225.232554
249.363171
361.73187
324.140864
258.086208
273.404459
366.933341
363.112556
210.250741
246.679588
250.55054
362.239592
300.563906
231.437298
316.420829
233.020337
290.656592
371.974788
402.025407
199.949747
272.674666
324.457872
363.094012
369.081821
323.222217
338.841528
129.85181
201.978483
273.027824
395.432529
395.6212
365.450146
320.39525
222.731484
187.202594
310.189538
383.492891
307.207549
264.201653
289.252883
380.111515
389.887395
268.364395
375.470252
213.916492
351.741305
277.999934
247.91227
404.846314
377.871246
308.317483
290.200454
184.283399
315.439582
182.757432
269.053441
197.208054
266.531833
163.008908
380.63428
183.767689
293.944095
387.256155
302.654439
278.500543
329.322267
303.734905
326.467237
402.388627
389.362957
316.443912
322.35248
219.523722
161.740542
292.05028
351.689877
406.828559
396.61162
357.617036
219.300672
288.268781
344.807929
388.162213
317.80375
394.432009
376.37265
397.615138
372.560041
303.985963
224.555404
356.089688
332.924036
322.182452
262.31651
396.255929
377.420314
111.771964
399.311456
311.134756
258.768315
351.443601
290.106907
367.452742
372.030519
161.038744
245.966535
297.319659
312.572271
359.259765
184.058572
267.589373
376.306226
358.790182
395.344453
339.521203
176.503256
354.928339
403.085233
184.062076
233.799441
332.795396
316.785166
310.767972
356.604305
284.050911
155.307707
231.937364
205.29324
249.919556
361.342341
256.93651
336.944815
250.614864
340.526889
279.104228
210.190689
342.88945
383.445819
285.071339
267.022037
292.925792
370.702496
349.334907
321.846358
234.213144
296.208275
319.166807
371.728193
303.251802
344.016424
318.415682
169.112224
376.430209
158.047561
402.904384
176.70492
348.692299
312.961762
257.528243
216.763439
345.386174
400.948403
270.108071
232.07581
354.057149
372.646638
203.779212
270.140625
351.596584
355.721587
157.200634
167.472279
362.334234
355.466171
248.709983
160.611777
306.064628
288.760702
201.361531
215.267053
323.765397
235.431544
403.694312
391.266259
341.51075
378.078921
319.956358
136.519527
229.413044
232.234546
266.868421
242.657639
343.191475
226.824863
302.709131
194.044025
371.554195
194.495188
249.343179
150.965289
307.53657
271.287134
285.662931
195.890254
349.768577
291.927884
262.696723
335.173682
271.455079
242.036204
350.433652
345.137114
240.348243
298.333566
324.580981
292.332359
366.401264
405.351123
204.32344
314.656298
324.741548
218.921419
318.507416
322.947143
250.893142
349.211459
175.148341
318.446664
239.071703
314.629928
247.855125
182.693383
171.371572
387.815997
299.345093
241.425252
356.198104
402.751501
376.546078
359.423717
358.59399
392.519543
387.356227
404.14795
259.028389
326.861182
247.331796
273.340184
346.318894
283.175964
395.493149
392.232634
263.585741
356.897857
248.745122
224.530775
290.373415
363.5743
364.768461
198.966421
219.861184
373.49938
266.310648
342.26987
167.239559
400.724816
209.649615
288.97607
311.524024
392.571916
377.673046
391.547392
364.596771
299.718962
259.203725
212.337014
363.760629
237.844062
396.344955
295.669455
210.966374
407.655013
265.972837
272.667192
361.273413
382.382175
245.495225
251.541368
268.197929
405.257961
311.623362
405.285164
389.202437
362.893943
380.640294
335.237655
305.349556
286.921027
401.961018
301.017714
238.339214
312.133672
389.952086
386.215904
373.14708
330.01757
266.420209
270.317686
317.78855
331.547148
363.830209
312.42713
225.81093
292.123506
274.203663
333.079719
360.717811
392.055416
225.619713
335.869083
340.521355
203.739414
288.003911
343.314007
337.132958
225.513973
346.028471
289.399475
227.795789
401.561737
342.230074
276.011817
259.505971
133.506165
394.151086
385.047431
310.229885
403.760584
200.84535
358.000347
237.035131
377.398287
254.003181
120.289722
312.919998
381.901727
354.439779
310.862073
343.982645
248.318501
294.910827
169.957279
282.767335
393.840306
383.331913
350.5983
349.546433
112.346817
355.93518
202.507719
264.456313
156.74758
343.657248
354.991332
393.00621
337.08667
344.442757
333.912667
196.751022
372.625538
227.773272
384.194708
267.524006
263.6975
212.194325
362.91706
172.192175
336.529294
327.406851
239.217421
336.058564
308.211236
346.067635
364.14077
307.845194
321.19569
372.45832
286.386975
337.732597
396.591121
260.389765
271.500129
311.632523
232.27347
204.881757
321.720329
241.739065
377.926575
274.664564
312.134739
194.410106
272.626045
386.339798
335.023712
279.968932
203.224363
303.768502
275.891637
353.516978
265.719537
351.423624
277.678908
133.25346
230.995956
251.862427
341.91286
313.344593
318.030156
265.761244
303.508717
340.909388
268.826999
157.804378
357.398067
389.970168
399.700376
249.343214
294.894487
360.553463
278.538574
206.534092
251.526164
311.235513
332.859482
376.33119
296.90835
330.349099
340.811785
310.322902
285.955394
329.254328
329.688276
319.705565
246.254352
348.894645
289.786922
205.040993
325.576317
400.395358
370.270391
256.229296
158.816918
277.160887
274.499649
263.153032
243.596331
297.763673
328.916309
313.684616
212.874866
331.416033
336.842388
332.299031
327.161334
404.311741
365.962716
332.939215
404.901967
326.563881
382.33708
343.897446
290.003626
326.585103
292.044924
347.20077
371.327061
324.100478
401.433102
253.197823
264.358847
308.225779
207.371481
267.011367
124.031592
313.464754
384.389442
345.804752
278.916795
408.390968
317.167016
366.293244
239.86354
328.738114
241.524994
274.571804
239.757608
298.73152
385.25935
291.556735
268.488846
236.84897
316.491952
175.57187
291.528284
368.516099
316.460044
253.579357
250.91611
363.884988
260.102443
357.552074
393.527586
337.696278
351.016235
297.421576
337.834308
302.746784
394.423522
309.268532
381.401968
245.109857
362.560019
268.884706
378.368099
358.106769
328.614512
408.138054
212.103756
360.704686
293.169116
322.494106
240.530885
365.763227
358.321304
195.519875
348.478472
333.158581
342.251512
377.300034
385.034256
347.227185
195.520294
382.38031
187.162445
190.880418
298.506659
351.494208
345.866552
371.831648
397.318212
296.0417
308.380557
338.496847
389.736082
120.898081
310.870394
342.544749
271.039525
239.891718
395.565083
373.724263
284.008229
370.133728
345.055522
299.416736
178.964495
399.289115
327.521802
395.862167
319.658943
359.501402
121.255246
329.678509
299.079451
273.808685
373.854709
303.076447
317.207617
307.249703
171.128748
243.733773
253.609493
401.886525
369.584195
290.222194
259.530219
404.846837
396.612194
248.988072
378.229112
323.158212
377.258162
342.883834
335.152901
169.342435
404.918392
341.754302
320.091513
226.07858
360.494975
381.452341
328.183138
320.491651
367.696436
364.56007
297.856254
373.615596
176.245333
405.283164
193.252996
217.970299
173.218374
323.236355
265.409408
357.744137
263.213247
349.95508
268.740249
226.423631
311.434243
190.158392
240.214643
405.91451
403.281426
396.580165
327.576106
320.156751
354.560616
349.744025
361.413758
287.959494
285.325772
312.534797
278.573225
223.094324
390.53768
318.413588
398.983036
407.680173
401.867989
383.040392
371.628846
298.817798
385.621649
205.404758
315.28361
268.437355
297.505775
290.399973
403.48962
301.74858
316.542064
341.066187
382.383852
288.817092
121.83457
309.007804
342.156992
370.539684
234.031033
344.624544
398.140649
323.836729
239.404005
250.68646
343.290081
346.559508
305.783553
312.823329
386.994188
305.056557
288.707237
360.262984
244.289064
359.236293
408.377107
277.27973
367.171161
407.697372
296.247194
231.928382
333.551994
358.350636
318.184045
347.077632
228.912306
361.066992
267.509836
235.606577
404.233712
380.865673
372.239648
360.711351
291.101902
320.292417
274.26856
404.705315
332.435633
399.846127
406.095679
163.407075
395.983471
337.782302
331.225213
267.144278
331.897627
348.476847
229.559437
339.895897
334.774847
362.393597
351.019852
310.749455
246.601426
369.915242
238.488134
224.607453
301.032035
274.389254
379.149821
327.088122
226.38836
337.551783
302.261159
345.789056
250.230271
262.613939
323.981958
202.876073
140.370425
249.511664
348.669975
205.273141
387.612802
299.153361
313.318746
356.64128
403.59813
317.686411
355.893862
312.913597
203.861196
339.920208
407.082277
396.721094
201.892456
239.68285
349.770333
370.223415
202.846399
288.373262
205.60244
255.832255
291.379708
347.770534
351.83029
396.330942
169.578424
321.684327
165.733613
272.327652
387.527914
405.715352
381.049873
290.369602
406.165088
225.176273
341.950058
175.083121
399.47911
225.253945
372.242404
247.714882
244.391922
317.787525
392.352506
314.380569
350.961732
313.200602
277.366443
201.40422
145.169068
331.30446
379.549146
402.557259
377.850928
315.910015
358.419791
299.671023
293.248273
347.375867
287.843359
232.134122
368.253853
227.780771
355.402146
395.614791
143.383085
356.441257
250.892004
242.257455
254.393392
408.412104
273.492965
391.670523
299.552937
398.400903
142.591347
361.247293
274.504009
361.925246
342.915996
297.780831
357.812305
371.085058
236.698865
146.403164
158.942438
388.208974
374.899593
315.8691
304.241716
263.680891
389.466802
361.257937
330.362065
233.015766
330.793785
256.144727
308.555608
210.184018
315.358804
393.649774
337.413376
373.419962
173.645268
380.74358
373.06985
389.112895
334.406946
236.065387
291.408501
302.084698
366.813227
341.02498
380.64124
378.662332
234.755772
226.731974
384.314215
325.608881
366.961382
344.24673
289.991878
349.411043
329.854099
259.957814
328.630016
339.964678
390.365372
326.832004
407.551969
384.538957
317.557176
388.92641
338.96127
352.529123
377.347341
297.084799
241.068769
363.783418
391.768362
284.038575
300.50211
346.133337
405.131918
383.019341
328.588263
399.776704
268.807688
292.236552
326.628645
122.245886
145.599731
236.909647
404.588895
391.281869
274.091651
294.17783
314.718361
285.968967
347.035158
293.564731
315.523664
405.511629
195.98171
251.659936
363.323831
289.819064
379.587104
286.227339
375.578231
332.336495
305.066297
396.57519
327.135422
337.681945
321.306226
311.034107
286.331854
232.94829
248.896617
269.501792
284.478594
359.521492
276.675975
330.15573
335.601917
302.072743
163.630325
318.55924
307.533916
342.87869
404.456175
326.756735
346.102154
321.251563
331.42157
274.301142
339.809301
269.263655
383.859596
275.113268
374.896035
283.997296
372.947263
371.867356
312.180842
234.644474
261.10292
310.645272
276.992815
361.717868
235.143544
357.633551
345.244636
279.629919
402.258425
218.135965
210.290685
337.003794
403.997088
309.228737
287.44523
332.717452
239.312928
114.443745
268.243541
303.246976
373.618453
329.105602
382.982856
276.929191
299.140708
328.107933
105.605579
232.971144
383.817847
297.453814
239.705699
263.231228
346.990024
212.601398
304.034579
375.055158
316.229134
264.903534
405.172765
319.315279
245.875244
307.194429
309.476491
387.651918
293.328485
238.217522
227.345145
212.756347
187.083452
373.004998
169.756772
266.600994
380.912919
319.694824
336.982453
367.074594
171.865902
295.413455
370.388309
162.72317
276.832966
204.027804
327.525937
407.32088
283.867937
312.017422
257.240004
288.679375
346.576309
311.84129
389.901661
388.19231
210.336482
330.059225
331.618357
343.475112
301.638648
386.531399
401.242684
383.583018
283.670835
288.167391
257.545805
230.624813
168.172625
252.61544
256.148389
405.30614
367.483507
317.593155
251.957385
359.009504
364.435959
356.066398
268.436958
340.618995
293.10307
371.961639
330.412364
366.681487
196.351049
402.247101
196.368713
399.02829
263.878844
264.26421
294.316318
405.399766
385.757135
403.769376
246.436073
335.777787
248.853481
309.764784
407.162156
392.86364
292.64491
151.683354
325.343903
330.438145
326.434723
353.078037
392.916881
251.041313
345.221187
358.453498
236.064659
187.042824
285.460923
325.264186
394.442092
357.027672
301.512834
144.110826
196.743491
370.229858
373.617924
324.594676
281.578868
319.639946
324.515634
330.923482
226.559422
284.136131
357.592024
408.743512
300.281935
377.897287
285.377595
351.80428
402.09129
359.1128
355.744537
315.28685
375.245702
393.429171
365.003239
293.990941
383.347721
349.905782
263.212445
308.878208
248.63329
400.713604
214.909229
281.891282
278.838696
193.918678
162.667328
313.488969
264.571986
383.812103
306.357176
279.811665
261.694964
335.173472
344.960885
204.810803
178.760154
254.616733
388.414182
323.042382
259.035151
338.210417
387.190275
391.585407
308.692458
339.505958
195.04291
316.74287
160.557903
379.481519
366.251447
275.515029
400.14848
204.965502
341.707144
212.519493
299.070085
186.144029
234.001266
362.253461
303.952336
375.866414
339.309179
251.775877
366.051018
349.209969
336.255803
391.813791
316.350709
385.875725
198.139072
181.994222
277.848346
363.221079
386.086501
113.90779
259.105213
188.64657
376.58509
378.448038
356.057352
320.44359
387.035921
402.73853
284.298312
318.670737
333.462917
353.697358
180.622305
324.139998
360.117321
120.249985
311.585487
238.279001
376.621408
236.817959
210.918575
342.435972
286.018766
264.269985
214.645242
405.129937
223.423249
247.053756
346.474122
394.12707
298.835267
363.283755
287.545715
340.916799
387.794929
386.235798
251.90867
200.579088
287.227155
345.458333
369.234691
364.038193
319.942921
362.196858
390.476901
153.203653
253.682121
376.26659
374.761695
348.445826
342.395122
195.721561
206.369939
209.349438
349.110087
375.271853
284.735342
402.729217
273.309409
227.028806
373.155267
378.636838
373.726688
346.649281
382.536661
251.108992
406.774688
361.286363
277.628472
356.058855
215.904854
203.179773
328.56236
147.655164
174.984942
313.227114
302.78216
320.875536
276.35268
375.100342
299.393749
290.455959
341.130766
366.869259
395.040615
336.993691
377.616047
305.122862
306.760522
326.98045
373.323251
262.147671
335.434019
182.423289
217.780293
351.696312
252.092938
116.122401
311.157049
178.699063
406.647655
256.025143
228.74469
269.920608
381.331475
379.542761
257.10398
166.310242
349.380233
259.20075
327.478026
300.357686
263.749499
256.128037
282.853715
314.455667
393.449099
304.667112
313.637062
405.899703
296.090305
336.390279
315.107644
329.688812
239.701739
402.015956
270.136323
245.807956
323.053773
231.106513
272.377025
325.156907
329.923151
310.762788
346.520276
328.235809
193.36057
279.893947
341.965167
341.007706
310.080007
380.528709
349.307918
406.077666
274.395096
312.256392
280.160127
297.458074
273.310045
398.431707
319.248241
272.367825
267.98991
293.615571
385.228599
269.856364
380.007406
236.447674
406.390788
274.297299
370.985955
374.346769
294.320599
153.839778
317.377428
350.13521
307.056266
402.623421
298.084965
356.798671
186.709194
208.436211
348.288051
354.993619
317.235444
332.919817
226.010211
177.948165
387.656557
321.220022
362.877946
366.051063
328.738352
337.192984
306.797207
324.984611
313.709998
290.119003
305.142052
206.550775
355.195899
289.74035
214.435601
378.335483
303.250011
317.437829
292.975608
340.167192
379.618469
354.00128
405.164125
233.446121
171.737849
306.88311
379.351886
198.639458
280.049917
199.353335
396.731138
389.661425
282.086163
394.049264
357.090277
406.260662
336.52279
380.574425
313.889505
359.672736
399.934616
262.689712
350.355934
148.787813
278.250341
331.123506
334.430577
343.525601
386.415454
366.750235
335.801981
395.084887
354.585942
134.802664
351.682529
285.164541
383.037183
371.438545
289.001541
273.208927
314.626385
374.506455
238.769661
147.067338
336.899077
308.218656
368.086762
294.251449
308.224366
173.028286
174.299188
295.458138
409.144573
211.455362
124.758972
341.36864
373.635658
244.233271
358.911498
360.110379
310.169083
370.409369
233.124157
224.920152
366.02221
359.626275
264.927655
345.256151
334.882572
318.022442
315.977128
176.95991
263.822803
177.011582
125.740316
293.278236
290.80445
392.045795
273.322324
380.094488
316.292523
286.55851
370.819899
343.351448
219.366366
320.250011
316.080797
394.8641
297.515828
364.61642
369.902614
368.817619
348.128624
375.952062
171.177147
272.805217
207.09857
286.2311
328.517274
310.459066
190.736655
405.523246
346.195119
239.873124
341.757695
180.332103
168.673836
213.169034
370.133353
324.354887
332.267013
340.046651
374.764039
232.310277
198.089697
252.726956
349.990501
357.775498
398.551073
374.863114
353.68622
287.434015
373.813382
322.517937
387.801465
141.090192
320.661102
400.4254
235.722398
377.885101
389.139192
335.359746
376.059863
283.254948
247.944372
397.410878
243.879365
223.019666
312.015915
158.644426
373.641426
145.55991
384.65698
350.436124
388.413004
394.555376
236.868252
389.212777
326.031914
188.525891
280.256337
247.781992
300.700014
372.927036
397.268072
350.623285
405.9847
332.147293
360.6784
348.277993
199.414218
315.777452
380.677523
229.83999
359.868499
210.750129
327.049793
260.477869
232.400864
268.375674
355.397175
374.095048
289.00372
349.468834
304.414141
214.897766
354.596894
317.222679
321.253666
394.822275
321.81518
354.955029
360.382113
209.719054
403.151601
349.452208
352.897326
359.682368
195.048975
398.64992
291.15879
170.049737
119.345695
221.083282
290.359508
344.038817
220.663792
147.936821
340.183303
370.588535
240.399737
368.238207
240.428831
308.939114
253.151892
331.514628
160.151905
384.941207
373.742461
321.515466
206.486953
230.217984
331.389591
198.968581
182.04194
231.626065
347.067636
378.141763
405.570116
373.418815
238.408959
258.944128
281.931515
222.174628
239.061754
333.944846
360.766471
183.159398
179.868876
388.075799
188.902011
344.371236
228.728888
371.931919
378.885456
363.287634
379.874236
298.283618
372.145401
387.747615
328.403104
333.561865
322.099846
178.558579
178.882553
364.646782
276.525671
351.587281
337.835189
392.072669
405.74076
373.520755
225.994297
387.976527
345.617975
376.73327
346.467766
405.477922
317.683485
307.392608
393.091593
243.371096
366.045445
407.826536
364.34447
292.662081
356.250878
312.84179
308.585085
325.17585
360.650456
330.854089
268.411955
319.327934
323.250515
404.6177
306.350896
159.115906
262.953957
276.432518
129.093085
325.673981
258.914308
317.326922
240.904995
323.149528
186.817738
311.003227
300.920606
390.759286
343.056814
315.779142
284.134084
243.507581
165.073789
406.098548
289.33785
302.215666
281.016286
386.701211
408.827865
273.695499
207.396623
260.137043
249.161972
370.355301
361.986653
358.955014
216.790032
400.855443
320.219141
400.180914
327.335366
256.092497
393.007158
390.899922
309.173608
286.318319
294.299565
212.931653
368.006022
322.988722
328.835494
318.514722
303.159115
318.167021
270.820441
264.637053
338.957124
319.174082
335.755702
386.652493
247.915694
237.097067
351.513716
302.240364
227.637823
336.857927
322.023521
348.865277
219.893125
143.387752
269.256336
260.06378
302.616657
116.16804
179.955702
304.402941
132.125416
263.017352
372.512705
347.254535
240.276777
405.705329
213.890108
313.753246
316.010617
375.543582
402.67583
314.587812
327.366074
386.648794
374.04326
276.658404
405.298238
367.751383
251.803589
343.781507
317.415085
253.479952
403.349121
378.931472
305.249409
375.916052
375.086683
388.669072
323.867735
158.953298
254.781132
302.344079
315.400959
272.67853
393.262474
395.693165
362.736262
361.917885
250.619092
351.008759
294.380026
342.399704
338.008418
309.904331
379.608228
182.157991
186.279354
376.564943
348.068
366.5394
362.288037
299.550487
336.392232
269.52829
395.966813
304.91553
375.842336
374.83374
325.263344
343.383328
260.671618
324.007811
328.517452
215.905295
394.61649
355.764918
241.393236
366.244302
348.369766
173.755764
385.985195
279.809856
366.070164
265.701475
289.261836
400.014078
367.895338
356.8872
138.129957
378.778251
262.325137
298.47653
219.203047
398.645739
320.504338
321.227761
260.126168
395.911711
399.088
376.260911
135.335958
159.063169
398.291469
268.958989
274.050011
322.947643
316.073206
402.585131
318.662063
242.445785
397.101875
398.789681
317.548465
328.952174
355.271793
290.788759
330.94982
402.536763
332.795601
284.953933
405.054922
319.741929
343.829767
232.489109
227.238878
370.789427
160.954109
297.364219
383.840887
278.16055
249.129585
321.962887
321.429884
369.429027
221.398291
318.771365
358.619908
202.382727
312.128113
300.375749
178.740649
348.394622
402.066554
154.454195
281.119265
338.723723
325.308903
365.658074
184.077089
217.337539
382.887146
293.819703
320.56972
305.486901
299.946419
253.873307
321.299725
214.793792
302.154339
224.154098
195.641626
352.291057
274.306048
296.874728
349.856794
383.597535
398.917153
248.606463
348.475247
324.255132
364.913772
404.893716
382.91401
377.39174
330.612953
403.350094
217.670055
374.95568
202.775582
194.978334
359.007106
305.408291
294.869014
405.992554
374.750632
292.356866
329.717252
240.603164
259.781312
280.640809
252.550417
157.965802
245.681254
144.127367
320.334185
384.724598
369.541469
152.042895
313.969059
288.052888
219.57715
346.497234
360.506015
304.389182
378.293663
388.104453
346.460185
273.282389
389.170876
402.49436
261.047447
331.862302
300.869977
288.272272
390.061832
343.906481
170.979242
346.237853
316.446442
321.145446
304.429856
241.524269
241.90161
363.854536
364.484053
372.479869
406.442458
302.617934
293.085267
368.153837
271.533347
317.296025
290.029947
389.552436
399.479259
295.122071
150.10104
393.955554
223.523911
311.746251
323.817905
218.271915
392.621011
341.362269
169.90271
273.45656
275.951165
237.685351
401.534617
363.81798
271.621706
322.736017
232.084817
377.969431
396.851413
264.0611
358.096095
327.125312
279.685326
391.869344
272.189756
390.867326
245.569703
189.56139
331.344392
361.43658
328.50043
281.586198
365.140531
143.336019
396.844644
314.279989
330.11247
342.240068
352.138513
203.005972
295.792845
190.491554
380.948161
309.425452
384.117483
304.107514
341.541715
308.647132
407.979655
339.670312
336.847571
256.47078
246.551325
388.391505
128.24744
283.57017
357.441857
311.584358
350.60488
221.920366
280.901354
316.378752
272.365124
190.516223
345.402696
399.784509
236.578071
381.021078
324.711132
358.939734
223.043848
245.804616
384.0429
399.009539
238.189209
325.67806
219.175849
370.040917
387.581566
269.628957
397.606814
362.430236
378.648473
271.112439
368.296018
298.582046
308.6203
215.827179
369.547689
347.455878
288.788857
306.533945
231.838129
316.307649
262.096934
393.814872
359.275491
320.423019
146.1902
228.993596
369.707668
277.380269
315.581448
234.885461
332.758773
408.846736
283.306799
325.614237
227.688655
312.299465
95.576259
314.671246
403.996063
220.139341
354.882932
133.400813
164.500237
342.897731
197.616883
305.756211
383.60027
340.946435
390.5853
404.144878
342.728361
252.211978
326.940891
245.290943
368.701001
257.831068
339.530689
386.076267
286.387777
255.175399
379.367062
329.94443
168.492151
274.366561
330.821841
155.691108
326.471617
347.280102
195.794168
383.441476
362.729614
272.920165
379.854473
269.457798
304.570574
382.098274
248.28971
306.520014
380.168352
271.800468
290.891341
219.966905
309.177429
364.952068
330.061263
394.000762
308.126119
299.26307
334.480655
366.805926
362.418462
365.251214
234.558198
182.922518
247.379846
397.887517
338.31449
365.519406
390.707167
291.048494
303.577291
229.547094
204.015293
403.298827
358.569865
249.375635
355.532443
178.289339
343.862638
303.630224
342.360023
236.939122
353.582484
288.692548
309.220958
337.257572
188.045192
301.691571
321.530899
330.044274
406.652463
357.511384
314.550428
204.766784
338.76994
387.671508
327.458445
371.620805
162.400115
332.464722
332.846041
276.700612
264.218353
246.960202
310.065345
202.524498
399.671802
197.947096
367.976421
288.878224
242.431569
287.330457
314.245525
353.296191
344.878478
211.229091
299.681571
236.417339
279.489753
262.120389
328.779668
183.646252
297.029996
323.862354
398.44877
235.269921
249.308331
280.484431
379.236725
384.398613
317.681065
355.998836
405.724376
269.989272
329.880967
324.109095
346.054494
293.919924
263.195138
402.571741
339.164731
342.175236
277.393341
199.828581
173.934883
364.81742
237.844813
378.049388
368.991234
347.449943
376.834378
348.254454
293.445157
384.043079
296.811123
216.728103
338.068513
293.175059
277.465291
234.063129
398.885587
343.884982
397.506019
314.022329
387.285919
318.069177
355.432046
339.430973
323.67512
345.013864
360.093374
384.289208
248.420336
151.345488
359.691289
345.874841
310.468401
365.393997
363.655482
406.931723
359.00126
373.628777
236.249832
344.26983
221.293578
259.888115
212.46774
281.722792
293.856585
229.825357
254.566404
251.306827
373.396396
326.513875
182.403843
385.186138
379.999348
159.774943
265.629673
290.093504
339.755326
283.004548
388.084024
295.033438
308.577683
373.528042
159.151772
278.530679
264.458131
270.61372
226.900736
302.264387
370.63651
296.281535
214.89295
350.037254
392.097545
390.739113
369.206216
369.042557
279.269307
232.692759
217.975774
338.701204
383.223045
174.471799
318.621731
389.42427
178.96894
396.258337
233.954967
397.205687
280.95549
237.535676
303.631562
350.10987
384.737723
247.248662
296.367344
400.910424
275.83217
388.554205
275.588722
407.964319
321.971662
275.989665
384.143109
235.946429
373.398056
379.430076
315.711887
266.581778
371.340763
198.856853
322.225855
251.127402
312.083062
353.766953
328.844415
370.045401
236.626517
253.801687
342.516353
367.518861
146.196363
246.756924
363.785315
335.373405
156.24465
206.790999
376.382457
127.309768
408.375338
368.354013
322.045953
407.400227
397.457874
385.474981
181.409354
375.84739
366.031272
182.29455
377.153482
368.132219
217.195385
375.310044
255.304623
278.279969
257.541536
334.701799
293.019651
262.708796
400.128227
283.212362
131.638925
367.170444
394.585675
284.814829
362.195989
292.697056
381.907289
296.705526
407.297406
388.675651
262.25681
339.084874
223.52362
263.783953
284.135057
210.178342
310.864831
266.878517
305.883703
258.650378
348.338746
203.191515
253.668402
368.007091
352.133339
397.570957
202.600135
253.649137
254.49271
396.794671
373.886203
197.053566
387.625132
309.088763
300.568787
274.990116
276.336538
362.774052
303.34682
309.487573
355.997432
301.248793
374.80629
238.601759
221.56209
343.369851
260.595101
312.976656
392.130566
326.511352
220.164675
340.012424
320.908416
277.190588
360.599599
340.985691
185.768908
372.416385
336.653503
340.291528
318.795545
282.60455
365.559039
335.877574
286.41868
290.07162
332.431612
336.288355
397.506394
263.576666
273.123183
318.124425
329.22588
170.285628
313.77273
379.249305
243.832562
406.392595
214.260581
386.965676
170.177021
283.668636
367.796819
362.451616
271.617336
387.664265
340.32302
292.909812
255.927481
148.10739
293.36372
299.205647
365.658888
370.448525
312.762486
364.168853
361.721698
154.044676
334.383019
308.994958
386.037116
372.648228
330.114338
249.522611
236.305147
406.408614
377.638711
229.957636
356.652507
257.578926
367.020679
317.597863
281.835523
341.667975
270.357565
328.715453
402.63363
335.651381
381.317589
407.014382
147.182906
260.162849
361.502502
374.448656
315.628318
384.035157
348.943472
300.320301
170.398037
326.947528
365.511398
362.209273
295.786395
304.291069
373.954859
305.408507
321.163869
308.863556
312.709475
137.564329
269.860544
199.334329
358.623637
284.063452
405.942897
346.972989
240.734942
363.672218
345.525224
375.741242
348.51301
178.137598
282.441123
366.927901
358.544535
169.190404
358.294508
261.348795
307.06752
391.912951
267.650584
177.104487
220.359845
383.591295
356.774717
395.918472
261.789706
252.044419
374.375305
318.695783
217.410812
191.582114
297.979495
293.407978
314.164225
278.783898
191.733162
327.142001
313.726098
406.896507
322.572874
319.231295
323.918269
381.246903
402.436407
380.206151
317.796018
351.592007
297.61086
269.484097
194.17785
296.743192
302.569239
347.191096
332.354938
360.220373
389.45238
311.522119
400.562177
203.528912
338.036894
346.089062
188.423463
241.767365
302.331638
379.570906
309.695345
331.494262
407.147259
358.239982
342.949873
393.585813
114.002781
345.850443
381.339324
341.679144
357.454194
322.633
237.571467
334.743679
380.548589
336.967808
316.893779
327.170133
320.002069
136.648579
402.304705
310.780163
157.028828
332.990996
228.880016
310.119806
392.133397
340.933158
308.712324
242.36085
239.719775
325.099552
380.26861
328.732461
285.664245
348.974918
294.669675
375.174876
385.055573
268.199272
331.259178
324.846261
318.134517
305.729147
387.622591
308.488419
282.763887
298.99657
249.215104
205.183728
290.757212
342.823931
188.101489
312.828539
122.028281
365.070527
369.309078
408.713459
191.712733
368.786885
274.144297
363.217972
335.243422
291.623832
363.838679
348.889194
318.17954
359.586966
334.901054
406.289423
393.541298
401.498939
349.018516
182.50954
385.716132
378.419936
332.392955
350.903512
288.943664
357.600515
206.990055
314.208561
313.172739
316.748724
312.222341
262.960952
238.809233
390.521905
252.398671
325.006805
319.128897
370.835592
295.046411
232.197549
382.051708
402.116032
309.765805
264.0138
381.653505
384.674879
318.31129
294.42375
359.801963
311.617397
387.073437
340.810779
257.889609
377.187559
373.089177
337.929797
271.178039
351.330427
283.956008
254.666489
371.201763
216.249071
268.679274
371.22151
242.228764
323.839034
289.998611
316.282612
345.675582
377.341891
239.812691
364.182867
196.737944
319.237023
404.955697
328.873442
406.679652
214.010597
395.089751
261.375751
321.27608
331.455845
327.0971
327.124451
217.11642
256.98553
389.936923
244.898973
358.576081
357.461531
277.953382
193.364006
169.678017
376.660772
150.178997
343.357554
253.589234
204.217471
389.077462
400.18383
284.649232
267.944042
351.615531
286.155954
392.772239
367.958817
309.465168
291.582713
397.759835
384.991407
272.865264
288.187011
395.876011
405.937145
326.811173
187.035568
333.623927
381.832353
349.685462
399.697856
313.788066
319.5931
296.861287
275.22403
256.590529
301.279565
321.38389
212.096882
253.670741
387.480261
301.421104
242.27114
277.556025
397.851851
147.29228
338.589468
325.375392
327.524497
305.764604
394.359539
205.205996
373.903359
312.535629
325.302221
151.783165
268.395506
142.986014
355.89956
165.450907
313.706227
202.987886
367.692936
324.801592
193.637916
318.460438
310.393471
211.330966
287.152528
127.472209
385.103749
371.943375
343.542217
314.17707
172.33546
291.017152
347.230646
299.978591
239.837069
233.262402
313.965852
339.48
335.132723
329.576933
318.241388
286.730167
286.207173
383.440073
339.431749
302.967078
393.663128
355.06887
201.051462
390.752783
309.611184
365.827602
267.264476
284.845371
278.930069
371.699245
147.107239
367.682095
252.730573
370.528635
385.277381
394.461078
394.830797
278.456868
336.736251
243.74464
375.191234
204.153781
407.710391
276.163942
270.976835
325.063282
191.368313
313.943489
345.837938
319.752505
375.192584
300.236132
351.929925
329.81222
129.29343
352.674065
334.309219
300.960944
356.456654
379.598933
308.981422
401.369314
333.602443
283.078647
255.169358
397.65063
314.244455
245.846575
275.100444
252.134531
332.902887
383.822339
350.075764
260.780527
344.725862
263.715408
229.21561
250.484402
353.477791
267.840335
284.113691
321.917147
322.408159
343.481642
321.138977
402.35456
251.460995
401.438403
290.502214
385.943002
385.880813
207.437225
358.116462
384.949472
238.516895
353.331525
338.506096
364.281956
309.540448
401.436999
384.630573
324.265607
187.888936
309.254697
332.48614
251.314814
188.864973
230.789414
406.851752
161.515812
373.476862
279.913495
304.79094
360.731055
333.801387
270.183079
339.069091
196.161187
125.558139
294.479605
375.784295
406.540665
288.532182
388.370124
135.098732
361.531519
393.17532
231.249402
311.640392
392.573335
407.417996
385.238905
296.729436
294.660066
292.521064
223.335252
314.437403
288.419011
360.879351
404.676506
294.023268
348.876275
377.182256
187.918279
226.524644
156.590192
357.765774
347.389645
205.093161
214.557859
167.339327
264.75354
389.537468
360.737165
282.186495
264.401645
371.321684
276.512484
377.84918
352.616376
280.702762
387.989009
158.049666
143.178618
395.216208
321.068221
383.145725
260.1622
181.223666
139.724514
223.090295
316.504648
380.422443
400.90947
268.405425
268.600981
407.30655
329.052544
326.965144
320.780762
164.840621
397.935303
295.151927
298.626624
211.813493
355.000161
290.385302
383.076509
313.271096
345.152347
334.750499
325.419606
266.175116
213.48171
244.763563
148.252141
177.46398
238.005113
361.604798
302.652026
299.807915
360.127588
264.155846
384.547318
169.036979
235.971544
408.815677
251.226214
298.35969
225.931161
390.550873
264.190214
264.432762
143.758513
293.088052
192.74048
283.904252
270.887624
363.825181
387.825724
222.038191
238.652136
183.280095
346.022373
321.259453
214.544545
372.386614
270.950571
230.221922
208.546405
193.961163
325.094466
341.40588
269.775665
380.150574
283.240599
348.114274
393.689241
381.972059
280.596048
187.171645
365.449771
246.470259
401.045004
214.144172
340.375912
352.167763
149.000525
347.892198
308.997902
319.013643
230.159864
387.242005
233.918729
270.762669
322.558439
238.490671
374.209812
311.079131
332.190028
178.26493
362.917241
276.383217
271.830947
193.23539
265.819419
286.373481
400.67778
270.548301
331.218964
393.706926
176.073127
392.874559
365.272685
390.104572
309.748307
354.598343
365.436002
278.657427
271.627833
339.16662
273.943748
141.571183
393.931339
362.64171
263.517588
382.254737
322.340666
245.875107
245.933533
282.046324
382.754509
293.872764
142.290971
380.981624
369.325968
320.952882
207.003021
363.066395
184.810151
395.944723
313.461487
220.647976
382.782705
374.977091
329.411814
338.834149
269.192644
305.140586
302.056019
226.921591
353.072796
315.705423
349.357149
312.709401
391.016269
405.315979
379.521646
373.629321
341.088153
239.285468
298.890971
182.804261
308.398573
348.373477
390.194703
311.037937
387.29431
361.545524
346.366567
386.69181
374.831312
276.54855
386.413748
370.202084
399.523412
349.109842
351.057828
237.929498
356.112922
300.110877
215.684628
277.946218
236.685592
298.799036
288.005751
381.494091
295.942866
359.987411
281.087229
347.414983
382.751988
302.812509
366.754736
351.641709
335.443169
321.44097
282.778645
328.878019
372.845804
344.961225
275.111904
315.245149
244.129994
322.022861
319.766618
225.181958
251.117809
365.934991
335.206437
379.806146
400.14715
408.817222
294.213663
275.675334
314.31585
377.789423
290.365174
225.326068
268.007732
270.710738
300.658553
349.725004
340.562304
352.223155
315.391825
397.96497
237.555299
247.684497
280.990124
318.06049
270.958631
335.542387
243.090428
346.222166
320.588624
359.334701
334.625833
335.555138
332.356335
302.518489
403.562696
387.432406
242.848387
153.305222
209.84398
320.741518
333.186478
402.625317
279.258277
257.562118
328.660765
334.765018
297.983891
221.947248
248.600383
335.214913
280.546924
308.014933
216.25709
290.234777
374.928662
244.264595
342.170588
370.832548
331.14821
347.808276
339.910638
369.586889
344.518498
335.241617
317.923451
293.859551
194.379281
278.46742
287.849601
170.064592
264.434092
332.095271
389.684046
318.878937
301.785011
159.104084
269.295515
203.04784
341.730547
266.329862
264.175278
333.596818
320.59875
331.651556
230.480568
263.992641
362.056135
316.594827
390.702375
361.248573
399.194707
271.976149
379.085576
298.349354
406.072305
361.181292
140.648836
333.197818
374.36038
203.744549
281.639753
363.287141
401.57429
317.148853
279.609227
315.51359
211.019067
205.948224
298.981137
181.843312
312.160418
322.813155
323.256137
277.106619
258.769907
327.994027
277.286646
370.293332
200.406533
375.295738
340.341943
227.084124
243.409884
326.437576
126.398575
240.025789
370.036501
279.491538
320.576855
315.348336
306.326467
404.736501
174.563456
262.067549
260.934758
292.384948
404.238618
361.973001
279.697188
302.409577
132.921641
399.885621
402.858731
306.746429
397.26864
315.372221
259.076114
310.43219
402.357592
269.290099
314.28731
366.238267
403.324131
339.438661
316.143909
265.194744
125.279031
219.836717
242.710114
288.15935
228.24592
307.03245
275.420941
370.904543
330.303932
381.879605
362.390484
384.797874
379.955701
286.955958
288.891695
187.549813
308.986776
288.316053
285.57173
246.029711
384.375557
242.326764
306.592987
376.291822
304.947782
292.865706
379.649557
279.588128
332.81636
345.864838
287.538394
404.588604
322.444888
261.81992
338.584035
383.76498
382.717856
313.858974
406.116907
307.048589
356.702209
143.026093
402.736544
357.995979
311.477075
340.636949
227.450715
313.722329
211.736416
337.508667
141.457615
348.465196
234.603186
200.82861
373.881837
293.98368
278.815292
375.151668
