Neutron Energy (neV) - 100000
391.809347
318.929835
386.422177
316.163007
297.584619
326.277654
263.835507
252.817259
238.555976
318.614595
377.971882
398.708051
323.706329
111.243835
358.946464
248.96762
172.294801
333.158624
399.061657
362.387759
325.358976
365.904661
267.14081
324.627844
373.590751
323.738043
318.138752
282.502149
314.999846
246.995792
205.741856
398.775158
404.387212
389.31082
253.080696
342.32192
261.305902
352.284815
226.19605
302.608787
376.799339
157.362064
366.044836
386.460098
385.501071
381.735916
260.648161
201.1511
395.672044
404.342318
156.406376
378.133393
406.746242
387.639033
308.337084
299.92283
381.131322
332.998016
293.427605
249.958866
389.051274
174.252742
320.949721
327.958533
308.915139
407.663269
173.430748
344.800895
370.573209
330.628453
287.92646
169.587541
353.159819
362.246134
313.200952
329.046238
296.295069
374.992077
359.157887
244.808635
257.695934
327.943495
293.377884
221.681597
355.336388
192.327899
314.249554
377.010367
227.830395
350.99388
353.469808
158.278187
347.375359
400.426013
252.043586
296.333443
308.662579
399.656446
400.353824
345.37696
373.43708
379.414521
286.386571
383.988143
199.8474
252.857443
327.525118
275.180062
300.409715
294.364952
371.578493
401.488164
389.577294
400.933669
316.522418
331.978585
308.391444
181.089247
189.818887
176.892345
303.812007
247.455921
358.771544
337.123336
329.938046
196.452284
387.433765
300.285262
310.826604
293.939443
289.521007
210.337994
337.301437
321.780106
283.077358
240.613727
196.091255
355.424081
349.866289
306.678262
347.246484
330.439659
340.910876
294.355924
374.042191
348.934816
362.435725
405.09383
368.84112
403.798606
402.148572
269.141552
348.641277
307.663139
345.432412
351.273328
361.90954
384.014602
311.433237
228.24851
344.883892
295.821764
222.527224
247.769703
356.341578
400.401634
235.204548
382.331545
327.394549
344.027623
179.679188
194.172684
227.718079
337.206411
405.940534
293.49146
342.036533
290.962908
386.166584
247.242182
378.233739
139.720987
370.072121
292.813532
277.567646
249.826965
189.663493
254.648558
310.954538
201.669689
395.520321
230.491067
367.664109
326.552276
336.111369
174.681996
401.707319
299.753161
312.471876
401.922351
390.46327
404.08549
144.025993
335.782463
209.757742
274.254761
368.896074
241.836023
320.341285
268.035351
276.641241
329.212819
266.537584
356.020459
365.366329
293.733281
279.524399
378.234919
404.795281
407.79581
201.710025
305.442237
216.935346
302.450402
324.647302
372.34239
369.482513
344.769821
251.951393
289.931076
332.616264
320.464658
203.285845
354.706426
359.222909
270.143659
336.938801
354.270098
318.009559
365.251334
386.611944
287.411217
333.193084
252.433464
350.958896
243.188645
333.60987
353.199993
329.822618
280.526796
364.04302
326.381838
243.956068
220.108161
330.725276
309.390912
323.111474
242.213737
246.579629
196.601648
265.283324
375.521469
283.822667
345.437727
308.730072
386.147534
390.65036
259.216249
152.73173
302.606749
263.435664
403.315076
218.213454
325.828332
157.91004
384.001179
340.323951
293.341001
239.90811
389.655367
301.600432
348.121507
400.932705
372.617955
213.844974
319.925824
358.662965
381.134988
387.702696
406.574034
343.014402
349.007878
245.40383
310.135858
354.748502
266.631733
163.987879
383.041678
324.91026
276.973342
209.07954
333.596041
293.184772
244.347364
398.269666
272.487491
305.261563
333.609248
192.645002
401.17035
287.2113
380.612275
391.686664
368.410932
293.134586
322.225462
296.970136
174.639585
269.627891
406.74796
263.800595
353.638493
313.420603
327.015512
181.949542
212.860504
397.821508
318.124061
258.868721
283.661305
348.804191
223.070934
367.321126
405.973602
238.009941
207.361791
229.39216
182.538509
347.021509
323.462683
378.28656
224.41384
388.798088
351.460161
197.918647
330.486185
406.008411
215.824379
391.70911
381.781445
157.721303
397.78229
369.834452
242.209524
196.287819
273.079275
321.958361
237.363437
367.935447
240.608533
279.253335
201.627563
396.024075
241.792566
226.245216
238.28067
143.13491
369.416886
297.645478
234.223239
332.770201
252.571739
152.367748
261.881127
120.770023
264.612699
278.926041
259.208391
180.375014
245.767202
257.34852
348.834632
350.304268
303.242737
372.559766
267.989251
383.777775
383.42995
310.095013
350.121162
353.666371
240.017728
281.214821
276.962498
326.221163
261.170082
370.796214
332.543803
383.454312
354.717181
393.941286
285.322226
342.456494
259.075663
393.368807
261.029564
218.712233
347.477948
301.391012
378.991032
218.828772
395.288806
400.921593
304.25903
228.508946
220.318636
259.401417
282.425727
374.98936
177.711941
292.735776
308.110286
366.625848
374.887654
361.505814
293.973356
292.67095
304.073626
370.698102
380.495244
260.295067
374.787404
322.15178
329.090146
178.995714
401.232031
278.996852
308.359587
374.844876
215.053118
400.653135
369.292263
184.816898
376.79457
311.014568
328.845786
392.622299
361.669508
317.8974
319.238068
402.619378
313.486207
399.551978
268.939359
279.638431
401.518635
251.849609
227.238678
261.204636
232.440515
353.248138
253.974969
401.183144
226.309688
312.194756
335.358279
375.090897
407.37839
332.96624
347.1846
218.719976
326.991629
254.077911
351.61685
277.466666
350.45921
387.427613
393.732247
338.334052
234.542296
348.673487
202.814995
406.153646
206.247948
221.693709
321.989334
322.98752
372.242402
276.516925
392.393306
375.216365
399.464519
317.565322
346.667929
352.111146
337.934424
239.703147
343.211987
321.206314
287.859028
373.861229
216.929637
251.728754
291.717399
341.12672
242.359544
309.500952
388.749776
269.804456
313.20712
339.188475
335.561306
251.688255
315.640886
393.19313
404.142012
303.978508
380.821472
373.999512
213.197605
380.761081
305.929352
395.623057
288.755881
205.678465
270.462543
354.245657
314.007342
358.866514
269.119934
337.39292
192.7651
334.095979
400.27193
305.941419
397.419063
397.654641
384.982022
380.582781
349.411994
399.22321
227.570209
238.889082
274.590082
151.385907
195.559381
206.370503
313.860165
256.574296
168.166159
317.985134
371.815337
217.236225
402.336788
194.93606
366.125634
218.704342
234.871668
398.549864
220.840946
183.434837
358.672162
363.382705
271.155918
351.436338
344.622462
323.58379
237.743084
126.162178
297.444787
178.273354
374.023509
365.180889
281.600579
375.779863
342.307976
334.49203
344.039617
212.515448
227.430964
262.320378
337.15483
228.248864
333.197542
396.133229
334.049794
397.338382
223.491729
380.84836
317.656448
158.617214
330.573124
326.235864
360.98556
318.993779
406.827926
318.436161
372.502585
141.431017
321.582101
375.143624
318.820159
319.472528
343.384032
300.713464
318.331112
287.956523
348.795846
200.802011
187.656204
367.906724
292.140867
326.639293
305.904105
249.220255
362.795951
186.082955
274.56335
354.546507
335.670207
350.700232
241.931331
325.282271
337.817957
393.531837
183.028311
323.590561
269.339529
258.732855
377.448104
246.482908
393.026859
367.314744
157.204229
256.506742
366.500795
266.182708
372.801446
134.912899
209.969394
363.273825
405.060854
289.94464
326.280223
278.183197
387.958985
385.710769
307.802805
322.72377
388.237618
393.746742
328.362687
387.687036
253.999014
338.74859
311.464379
340.724485
323.24496
292.570139
358.285725
385.382884
177.099088
273.216476
295.972947
277.965407
367.794029
302.648191
366.33611
277.448319
258.156132
408.30196
214.2449
289.493263
365.34809
377.082917
165.91322
210.974721
400.574365
225.716242
210.757016
150.406577
389.673463
341.679907
389.079602
274.212998
405.664732
364.693746
338.581387
162.75173
327.074339
342.728565
358.605418
398.696635
379.855751
296.624298
384.643565
338.293277
356.551634
229.347098
169.203913
343.361711
337.369875
240.652711
349.328345
277.836204
243.245926
383.271829
326.816022
258.639538
263.415613
383.218034
405.164707
345.679766
383.612003
206.406978
357.916853
393.787717
350.238228
154.257485
246.273195
396.511962
334.865204
295.204008
392.863793
330.411493
331.083722
151.824678
356.602941
134.515515
325.562837
400.036627
320.664788
295.674571
218.678251
325.071204
405.435933
301.353409
324.559932
240.937253
303.183089
397.580941
343.99599
175.988223
309.572239
286.46448
373.899916
164.076443
300.658968
138.480908
284.419318
404.048051
399.364941
325.693925
344.067141
382.651227
299.969746
406.092562
218.908079
397.211504
324.476828
320.347125
398.422534
361.231908
298.025697
345.951256
150.447028
242.946864
399.469293
274.262301
275.332698
301.080986
286.891608
368.199488
350.384539
377.60823
325.860277
235.286114
284.365649
301.788044
212.249367
395.737301
371.05314
221.839476
267.452569
349.671669
350.288243
310.54066
275.078051
366.998437
336.660794
313.784169
275.453561
281.997725
296.517796
117.568985
276.661466
300.016171
369.149223
382.491524
301.009857
222.372761
280.173663
239.813591
223.826891
212.68271
332.873614
359.396808
385.87896
247.934173
249.59151
344.019185
221.043529
375.089015
318.060354
367.879328
376.480874
398.27627
388.131445
299.837621
342.822681
359.598004
375.703148
379.512729
269.227463
250.291494
289.618708
312.453281
245.901224
370.155026
296.300583
378.580458
337.435043
402.124095
389.488018
376.660128
343.025575
262.094478
232.430874
405.959175
348.231764
332.407386
273.005351
361.380919
334.249403
323.634672
232.006102
322.144631
362.388927
381.767022
360.22399
283.769076
339.064524
200.147825
331.937063
192.875047
344.30105
360.374477
290.523813
249.398959
385.628284
300.996279
243.794763
333.393947
394.687066
374.432981
330.362364
380.35286
348.889321
354.099537
277.891398
299.847773
362.174549
334.954043
398.591339
405.358009
236.677888
386.577015
266.581682
406.249449
323.640235
355.723308
384.186127
406.475429
398.085691
366.578412
317.766665
254.864672
249.453555
395.270678
378.363997
294.202958
386.318529
320.030811
380.0607
292.793587
403.092763
278.67089
241.600177
303.369776
234.362699
328.511506
198.283759
304.215259
154.464505
344.723229
333.681125
350.186791
360.619121
394.8321
263.76365
316.266614
365.335504
396.477596
293.808894
254.664767
316.758865
406.621226
366.803506
401.827113
385.678196
319.482312
207.851825
390.683011
311.98795
182.684776
186.454414
325.974061
281.671578
295.931217
297.438614
364.560257
379.617926
403.759495
299.516261
188.065637
265.185063
385.430824
322.881155
268.421879
364.065282
290.886238
174.730309
233.056194
253.785079
350.333065
392.118458
226.915549
278.310026
333.188197
353.896894
404.854306
350.470407
359.903979
90.754523
350.739443
305.42817
392.183929
321.488632
207.932639
378.593089
380.720493
282.399924
404.914473
367.651838
209.302676
227.892488
285.567518
364.689137
273.092368
312.482521
172.713704
328.893654
255.748409
151.118031
166.786921
377.991624
228.883025
370.468417
277.939805
362.994801
280.621177
346.175438
381.416804
306.0361
136.321214
232.198156
396.253113
344.752165
386.015997
309.126717
110.345207
327.935482
382.134357
311.800188
316.678169
251.951135
369.464947
300.861359
350.266055
187.182992
351.236711
363.883889
150.508582
377.085646
370.672198
360.327268
403.464236
320.536577
307.905958
307.079333
255.688868
370.117677
290.646272
297.399871
287.199208
377.582879
352.924865
404.601384
346.279917
241.815746
398.299169
407.671498
304.609611
304.4481
299.549738
305.480008
210.547812
301.179743
253.122372
391.795735
314.721416
382.56363
244.618466
339.676426
377.082244
287.832482
318.716358
264.45363
291.478206
391.620487
273.338787
342.460531
380.380249
318.493057
271.198214
367.535042
313.256079
359.407687
373.371799
138.462745
401.292043
398.904478
390.196248
357.371793
128.224906
306.306705
337.603085
309.830758
367.403257
175.576262
289.701427
363.877131
341.701979
320.659663
258.074388
321.624892
300.751178
154.457261
370.034595
344.590145
195.781974
351.480372
376.667668
241.207519
300.597229
337.219145
294.288817
387.758276
339.08579
289.381852
231.304114
396.72816
379.475081
282.208874
249.204613
200.408226
337.110535
229.522254
359.496774
288.990888
371.281364
258.030086
214.001231
351.158316
265.120746
246.730675
172.999721
293.398624
323.227374
404.206098
351.55064
162.833428
272.554536
213.020114
365.582669
233.277497
381.516655
385.772602
323.503581
259.074412
394.828506
187.837855
290.982109
307.956346
261.219723
264.44776
383.517838
309.367827
166.934009
289.948698
229.565387
345.292724
311.480311
317.976132
244.705302
244.076033
343.629418
319.960687
351.562944
395.355042
193.288191
305.569405
272.146029
388.207167
389.377475
364.581646
338.917372
335.179511
312.046771
354.014754
375.836229
249.390728
255.778837
407.863631
362.628954
296.144397
394.691614
278.817344
303.859859
261.630735
312.662883
370.53526
303.276925
381.98812
249.214546
175.607258
314.713239
251.642756
242.848705
264.029593
330.674864
333.753438
275.56716
337.214617
338.330873
387.132865
379.046963
402.408667
393.122498
318.5252
328.320135
373.504945
233.160483
403.390589
337.225899
381.456997
369.169901
273.209176
380.215038
205.855198
406.211056
351.890499
250.047846
367.861432
404.456436
299.983985
308.580651
388.884936
288.7151
365.862005
209.476623
264.524585
355.272409
232.67039
227.505265
405.24671
350.72602
343.445494
369.158679
293.41009
281.094316
230.85229
276.20088
237.937454
341.079013
402.074348
271.497103
120.464937
235.025414
241.681587
295.456995
363.700801
288.974342
325.368522
284.702089
333.89041
402.344935
291.386613
370.530899
374.103903
376.964672
278.608881
207.524648
319.933332
394.300697
279.211121
348.045208
401.247577
342.99217
251.588333
270.339207
324.317092
269.757358
303.840332
291.58271
321.861857
367.515161
369.671296
349.44915
308.75307
145.006829
181.748033
378.583696
343.376467
308.240066
365.859746
156.962842
377.493336
308.787657
372.845831
190.11744
272.233245
313.575754
323.455311
134.228307
374.190498
252.373027
319.387102
178.716792
291.356742
383.409681
310.95896
376.071375
241.453173
373.288969
331.571597
402.264825
172.614056
365.794939
377.870853
332.655743
294.192736
311.142097
322.109102
282.740628
360.072011
351.65964
339.467623
368.967172
315.362322
344.006913
257.977902
314.616937
354.098125
379.061792
406.573994
367.35363
361.174196
310.116382
397.017628
208.577129
199.143726
279.34994
345.447031
259.792645
388.025055
318.49245
260.991338
368.108491
372.820509
352.016951
369.778666
354.377269
239.958165
366.613959
283.109631
337.852265
184.543194
360.791921
347.151726
333.720376
380.363401
362.647519
388.330711
304.256927
309.897778
322.660654
388.661899
395.862656
348.076084
388.918784
324.192102
376.292195
325.807866
209.203045
262.973282
312.509304
341.138265
319.221831
315.512953
360.414368
403.806162
330.384659
169.763864
304.622829
126.007911
404.481181
381.262309
154.681012
379.694976
370.610841
210.834861
362.990778
217.886332
389.713286
283.200425
342.725524
336.243183
284.38442
357.860113
319.28794
335.595248
210.119274
338.21356
364.524541
385.549478
219.193864
361.277539
325.837068
343.695668
395.261919
271.181829
340.711085
260.255366
287.545136
204.234591
404.911156
238.588445
254.534296
252.234846
401.597213
395.82952
403.487762
213.654115
350.359106
230.246887
354.595981
373.332683
307.579867
300.173895
209.054327
264.163029
386.957069
367.512183
242.544047
333.681131
389.320299
397.390743
361.107714
375.594896
276.443358
268.929791
175.080706
366.011035
316.91509
255.646117
313.758476
341.775881
174.827128
336.435038
246.952108
265.906652
344.532474
377.525971
369.020897
351.702507
162.614927
258.422303
128.343696
280.495481
375.065789
274.821061
398.262326
328.679284
315.971986
306.322382
292.310922
324.118394
240.034934
352.195511
303.903101
276.998791
180.103972
249.156043
217.621208
344.042679
327.219282
244.396829
400.488219
227.345422
342.515658
352.479088
165.530737
197.739809
218.769941
337.781456
377.099761
395.930682
263.786463
319.946928
398.395547
352.162112
321.945736
306.316792
336.283326
250.720814
301.222162
348.667725
389.434732
340.05503
247.39886
253.523902
356.92196
368.521562
291.017551
288.066518
402.802511
131.241293
226.884074
266.776974
393.719744
391.861359
302.785441
268.608761
320.343678
329.552982
230.432167
261.683564
268.683748
234.817971
287.703769
349.102892
357.235501
289.525132
264.409855
318.145013
269.310495
165.115085
143.380219
206.92581
236.278212
247.063426
149.752827
354.624976
211.422926
380.858566
171.094489
342.23179
371.903908
220.029784
283.534984
259.909345
284.585135
392.74264
371.510866
313.591096
303.794284
361.146738
186.171369
389.758003
148.518851
230.862639
370.183362
317.751638
297.829981
371.112691
320.766353
283.975675
303.30335
392.350105
182.433702
394.241095
397.111101
353.198746
346.184155
333.308204
298.727367
324.942601
383.177102
201.293887
164.158622
301.792011
202.777392
332.279309
204.600938
301.276543
382.095877
400.720494
295.785466
364.90509
334.349627
259.470002
246.056973
377.152453
342.284542
392.988268
302.183681
212.27937
349.983194
371.453269
288.04305
231.847871
183.154948
362.843007
246.069732
301.65644
404.851828
184.844573
402.940624
324.270263
311.518595
379.427635
363.381107
203.046099
295.001863
288.015756
334.643432
203.649253
204.913892
257.565297
347.48306
397.438083
235.540999
357.16227
232.744599
348.554768
361.2602
336.787489
153.984345
375.012664
342.258693
378.752786
281.472934
181.441487
190.911269
328.79519
270.847947
265.149797
329.015072
362.312543
358.972126
210.378611
377.292372
319.366662
301.553662
347.093349
311.207914
290.604946
372.977768
354.811998
262.536646
320.378735
281.914738
346.883997
208.471976
352.101357
272.488688
253.73282
404.690476
258.400919
286.69528
324.909411
357.944087
312.336954
327.196193
306.246054
383.378019
329.683817
355.583314
353.341176
387.680586
351.89509
339.05702
306.66306
212.64929
166.029944
297.0661
357.322957
196.552381
385.216866
249.15168
324.411509
225.222825
278.192529
211.461803
274.525104
398.050546
328.848686
234.651835
397.33515
146.572706
405.229808
203.483415
322.535904
384.792471
374.799264
396.588033
372.891999
330.446632
344.542739
405.495523
252.964743
353.715601
240.652135
237.313478
222.134956
317.645003
306.119644
310.766509
382.577267
388.877872
243.263272
365.492822
179.196921
278.592962
335.371363
326.971316
372.628378
406.203485
359.785288
303.907688
360.952667
266.833546
329.648829
271.228022
106.165232
187.643866
161.804747
357.047769
240.959776
394.689878
175.802295
377.047155
315.587627
287.377302
334.627392
381.393354
189.616672
222.765668
269.387834
390.653579
198.461311
288.010703
296.325575
247.289529
253.145369
392.898617
290.29656
254.039817
283.673481
273.049457
381.92199
392.132415
195.578056
221.518052
343.4503
369.961989
349.308054
322.37623
391.755597
185.215765
277.678034
376.129028
256.181451
337.874278
288.221025
294.780022
368.251609
355.247272
127.370191
329.737376
241.584105
388.520229
303.395281
286.507912
335.222071
234.863106
255.733651
274.3168
378.051265
284.35574
263.367054
237.242955
116.208502
296.529766
222.993575
332.492736
396.712826
392.617476
244.410278
340.242653
141.303634
256.167998
241.526767
399.369404
281.891418
375.636635
202.232929
404.944514
372.113307
256.450567
328.729268
313.781497
176.451018
273.892186
367.341938
388.895821
324.421783
218.400006
374.511446
393.201736
306.499971
347.437834
289.975259
368.072178
292.490474
393.942969
358.000346
303.030298
265.557653
326.307529
177.529427
261.371917
405.771359
265.473312
252.518441
343.326977
217.927301
367.320305
324.600889
280.00319
358.200197
292.648999
369.037969
303.69673
310.395737
352.234221
262.238289
400.728031
379.678125
286.314001
347.296499
392.408026
192.757022
356.417161
402.408029
319.564018
335.78172
283.108581
309.244162
243.160609
314.159309
300.981293
334.465948
348.953986
335.079463
365.086138
180.079885
318.424066
283.877266
291.636833
316.242049
225.987739
223.324535
189.659507
215.591475
270.848658
348.538282
329.513654
287.256098
201.995192
294.749512
323.022004
359.413303
214.042734
194.527827
348.076373
245.890244
209.187102
292.65769
284.649222
372.497218
326.298659
402.373173
346.836204
306.18098
265.105845
288.138016
326.14367
397.311469
332.375882
283.543456
392.073525
345.677118
257.270914
329.163693
208.477466
338.592513
226.632524
244.923309
407.176805
254.138826
257.032152
251.851465
324.821042
226.154894
349.55398
327.326633
381.677497
348.58362
213.698585
282.643384
393.092715
390.827289
311.000213
317.095331
308.307397
103.161064
320.155698
405.659259
354.845496
399.00184
336.636844
400.157446
319.935002
283.774411
245.591367
195.513102
307.510336
241.717669
272.363793
251.546978
390.560509
357.849065
358.489747
378.986239
300.727942
367.863353
156.429886
299.084947
196.498184
396.871496
377.866424
319.507495
248.098374
331.575935
290.121349
373.859854
378.559963
300.949014
137.872285
167.716798
295.296771
383.973258
353.417264
383.270167
151.851398
282.663014
327.928207
375.762772
282.369135
358.302495
322.347163
329.764699
360.089614
331.578007
273.730334
221.064288
336.961318
287.41489
396.612465
278.733587
282.363369
299.195777
212.19361
286.39043
294.01429
330.0381
386.078504
303.502348
315.245002
386.015691
200.531801
223.394133
368.424458
347.380233
338.624723
350.169762
289.952782
262.674804
252.585232
330.273798
274.415043
375.457278
309.163927
299.70141
400.962191
356.108823
282.520467
204.572232
369.634436
300.707855
165.425125
291.417036
402.9705
388.691569
239.876581
202.261332
359.480158
307.210627
254.17846
183.531493
376.775763
401.993104
309.668031
350.667862
241.754277
245.080702
239.719563
362.610579
290.086224
285.399313
397.020568
301.72384
242.23827
240.942478
312.452375
177.467322
128.696918
295.969669
337.810634
287.682317
321.647791
337.917605
306.858388
192.285507
277.59553
239.87098
300.651146
288.654269
187.354123
406.161653
389.524044
383.219684
237.054609
250.245796
390.403574
358.836133
223.764204
344.710308
295.612759
339.556233
169.495582
340.100479
398.593555
259.393528
191.077009
184.830936
272.716552
349.21593
275.98291
278.769552
127.314115
316.765813
323.382908
365.956235
259.153557
310.032403
329.921351
212.893988
151.532832
370.850825
395.275816
344.198386
387.033
296.796489
294.121037
348.984097
398.487885
276.188578
342.249515
254.768238
244.461739
361.305288
152.650648
258.420568
354.297166
317.524244
266.689623
369.340645
304.767706
267.049154
385.934289
271.737091
402.732383
351.680746
251.105565
401.276658
366.151042
337.890034
279.024989
326.079809
148.767135
356.237252
276.811592
312.820823
183.243023
286.242793
349.724796
348.476694
262.482564
404.218194
359.373773
376.785052
284.994644
277.23924
248.062535
241.529416
257.155889
148.610666
377.571106
377.210951
295.686518
385.386762
286.043703
320.373374
398.08362
292.949728
283.931098
354.224544
400.64268
210.112566
370.675032
402.53766
215.197666
331.736277
250.307078
393.275404
369.309601
340.053865
223.862636
345.223268
315.699771
296.114833
360.290234
320.532676
337.810484
365.439511
290.641011
349.973376
316.714236
344.43469
272.269963
123.148712
380.775783
396.886296
300.190158
353.906113
399.303028
331.815719
346.822414
377.540051
341.117261
351.457686
366.172521
375.813794
192.99465
295.229491
317.359232
292.80783
370.531396
277.699916
352.258117
159.96395
252.072216
214.221274
213.153417
359.658679
369.130036
305.644416
303.382518
317.791617
381.645744
272.795526
387.115175
371.374056
264.578627
283.664933
238.840088
266.146264
251.932893
375.662172
170.923043
218.955037
186.929269
373.227378
259.763428
366.883723
203.569129
318.558179
311.966241
358.651841
376.026955
350.941872
286.933724
253.0778
405.632698
291.448686
285.633113
299.508932
366.300869
385.0856
265.937782
392.677318
183.602753
386.927442
323.178472
140.279722
331.708127
167.838314
198.390887
196.092185
294.925429
257.252219
249.239369
272.247933
206.216028
204.430948
139.60963
249.516845
152.743919
259.551722
362.758713
308.885846
240.187967
389.94734
334.636967
284.147475
393.850565
310.764333
342.081823
307.639144
398.13627
247.761501
224.793577
324.253262
380.704018
288.399867
295.020211
218.138975
220.276388
154.410658
238.238915
320.369121
342.7979
337.434679
177.947157
342.373431
356.125672
311.585097
133.942142
375.240248
203.102955
307.403073
315.353619
357.571311
229.633195
297.143837
314.17422
265.472229
323.360712
356.727543
385.338913
212.14351
356.294887
344.562789
223.855701
397.929759
277.289581
396.855163
374.303248
314.966997
380.158371
391.059469
353.104113
399.346484
245.617726
328.080398
261.993815
226.988625
281.302817
351.545892
383.314512
269.213522
210.335378
298.699744
289.221556
370.406296
353.427674
208.28199
329.876237
263.390835
278.965864
297.825926
225.475519
289.339844
229.15595
200.687893
272.46948
349.4084
296.741487
264.94376
275.49952
327.822088
391.974737
266.923163
339.348243
243.858511
312.643472
360.078118
322.160157
390.148725
391.750793
287.936449
227.184247
280.408787
307.552514
389.864773
144.880545
317.191858
151.203523
302.210168
200.600164
392.394728
388.370651
295.153391
237.29643
151.079053
259.714565
340.840888
336.425651
408.982709
402.384692
309.532403
162.731076
135.399583
184.919569
349.568325
287.192276
386.253945
292.214445
196.304913
243.420539
388.35351
353.527144
356.777582
225.136596
275.13532
350.547039
225.381705
353.17668
179.316143
202.156408
279.960212
388.797803
319.55215
307.625979
256.890844
237.917501
254.573016
347.242013
190.767084
220.999826
211.09154
341.982213
396.640503
352.278039
324.913358
280.116178
390.157914
250.982056
282.306876
401.227642
350.784226
401.928925
274.550388
238.930631
134.212595
358.695793
370.272959
164.064977
227.467703
369.648222
313.258833
399.873097
236.575955
380.212602
230.089649
380.76305
284.764213
293.870855
350.762055
339.288616
227.333378
361.180463
155.764505
314.513516
342.391978
218.409493
215.240942
317.30828
326.991464
259.823482
330.980686
246.086585
379.523029
144.05111
279.632491
192.731346
283.798201
210.117452
401.878961
204.076732
341.862215
371.449092
261.580531
277.455707
393.088438
323.375908
373.090347
408.45053
197.777534
332.546655
345.103162
234.676721
289.228518
388.867394
270.090714
376.528522
375.431514
346.547191
256.774443
280.169534
335.802709
292.924746
362.033751
345.69562
364.898668
276.649011
330.001238
370.928143
396.705721
359.269532
152.303627
332.333676
246.80138
375.494658
345.233072
399.722337
231.573815
200.718026
371.147592
242.443105
326.561663
367.517811
297.117087
332.940599
349.374533
375.255973
359.398802
247.211371
399.541385
281.484314
304.56945
184.37399
283.146985
284.0444
328.061795
402.253802
332.578802
280.407091
235.852008
291.429736
232.524134
395.341246
330.272307
264.491693
173.435007
328.660348
243.967224
336.166314
370.592512
312.29
199.795936
393.927235
333.896403
374.921945
272.192654
408.583183
406.664407
346.451663
315.502781
232.701139
331.952152
370.392301
379.926674
361.859942
330.064191
399.256946
333.516758
231.766472
363.77262
150.214176
346.709665
297.839659
171.514244
321.896702
400.254237
266.071212
288.575243
382.313189
380.146623
261.452127
320.286659
403.555776
376.664931
322.125335
259.862105
268.728099
229.87445
351.87013
360.607334
370.784763
273.653892
230.69607
274.790593
328.084211
314.893056
245.472827
287.957208
201.021942
236.883442
197.315061
318.42262
310.334579
391.010212
346.278649
393.024984
384.303707
260.177915
345.366749
395.148811
261.283958
380.551483
366.471526
159.678995
374.806056
219.322768
383.520301
342.430982
390.830808
340.552311
346.941841
215.773538
396.934314
356.55165
218.616055
254.082061
408.28486
342.564074
209.725845
397.78257
272.314448
388.618992
384.14802
217.334253
389.12911
318.931168
238.097547
247.281187
366.06711
261.950246
400.219502
333.835199
212.674379
150.690988
294.342318
354.162303
199.666662
308.585013
377.379493
289.945104
314.60045
296.596812
408.45475
233.262345
307.498588
268.140105
292.945718
180.83551
310.341743
393.446466
377.151425
327.701091
234.98816
329.566257
279.369814
191.366946
331.92753
242.081036
188.443514
318.747484
241.465194
335.148214
218.716971
297.905511
292.298004
315.998117
336.822902
209.547464
318.618901
272.960762
314.574534
299.598621
316.584519
405.838972
370.477614
387.614678
175.38608
320.301318
251.888153
238.460171
196.564636
406.966843
269.073065
314.284244
214.25545
359.191224
264.152769
377.961022
403.84187
301.975187
276.042024
328.017601
309.246748
388.310121
263.466179
337.763565
254.32028
142.650168
380.131524
382.992619
294.861929
329.741568
234.26648
302.227878
375.919696
357.217716
298.088775
404.282781
398.137419
388.474882
291.157825
346.316529
186.053576
259.007284
337.478191
322.909082
175.080446
145.221899
185.864988
386.083472
235.348794
368.437256
308.696868
278.056634
316.793644
323.074878
340.679838
329.152377
375.171192
310.640053
271.160572
348.431659
359.997005
340.097703
276.604198
180.223926
318.188161
195.993903
258.697694
276.330105
236.386611
153.81887
149.752943
319.168346
290.424817
340.499987
374.638401
145.694309
269.446283
340.900147
377.219465
354.212396
332.582831
350.377424
409.022634
361.98483
329.765955
350.148264
196.916018
342.082465
394.413091
347.070909
268.296496
264.925354
284.258188
379.410404
294.887475
397.891492
304.085828
407.478379
316.558169
271.429609
391.765679
376.896141
358.229357
162.922307
396.170649
327.352887
278.253699
238.65023
320.195655
279.177194
334.401311
346.86118
299.92145
369.528974
376.452694
364.531705
240.731145
368.470175
152.68756
275.744341
397.551086
377.246819
206.214698
380.828009
352.921461
152.787478
313.336881
392.759055
289.930157
193.548658
374.800844
378.526136
210.946786
306.830883
368.660167
352.35492
321.684816
212.523106
398.012425
377.727027
264.342344
131.764484
375.441868
349.400627
287.602775
281.035615
401.705641
197.467642
400.248965
114.299407
321.835931
271.70654
368.493685
202.670169
270.207674
376.137247
209.652833
323.662757
290.732752
308.433544
192.765665
334.804783
298.427232
154.259398
244.39117
377.98469
321.776835
394.380327
282.264501
158.297471
240.910975
357.499552
282.046175
233.301471
384.720791
300.042154
237.521632
393.530011
318.080067
215.420737
381.878653
264.267172
224.221631
356.31056
133.96261
389.214199
242.721141
375.216264
312.749922
375.692096
178.727216
326.941843
319.388643
300.886399
204.326772
353.329239
343.480392
399.822134
302.886611
385.9282
391.427511
327.005713
396.508995
377.234014
384.218301
400.766391
348.385938
134.459302
322.802972
289.837207
380.284782
275.103157
167.991913
218.949011
372.052857
210.232693
305.635564
348.512243
393.601028
292.181864
395.570682
272.454975
295.191275
183.091576
220.344439
192.507939
377.874526
296.124975
381.26768
324.157797
314.896123
304.344752
329.602616
398.110446
305.958661
383.732694
337.279582
287.642284
311.438399
393.905426
327.63414
246.55054
309.392266
405.142559
375.08219
290.951247
274.244652
324.065594
361.660825
248.539143
139.903679
300.610165
368.957381
387.387556
320.646993
146.813018
399.635454
356.15576
274.218007
346.107998
280.6312
319.624753
347.421538
371.554141
246.398702
398.256662
335.188447
112.243863
203.852592
352.830877
383.450526
262.108465
311.232531
385.896739
404.574354
248.26555
312.494882
304.427611
404.180709
171.553275
401.013145
325.281914
372.152715
407.697449
171.040592
341.906554
380.877638
401.673982
334.372011
295.071767
395.884972
350.851313
402.797393
389.137218
234.74255
350.42591
329.695947
271.840281
381.239666
262.48797
397.492506
390.450203
390.188538
336.233954
217.49358
215.878313
393.113395
348.463548
243.655591
348.003159
397.754908
379.174131
191.701873
269.613134
359.116692
203.092002
254.59621
332.067329
300.377923
173.945375
403.559057
331.695265
384.913815
405.080917
225.587993
354.71202
378.13787
389.811217
316.729696
272.087701
362.382542
276.031628
320.840606
334.134987
196.214725
363.551815
377.197583
350.733715
375.324826
293.659266
305.316651
308.420792
215.552692
356.993451
406.879962
384.407299
324.961654
274.675913
345.904083
366.407839
379.124611
358.467062
387.515873
281.236178
273.214642
394.851643
372.471382
403.474016
392.996134
252.391664
215.977992
382.089721
343.741947
227.516586
351.560275
369.920459
306.284936
310.151476
396.53144
333.865636
280.074255
149.445346
405.289136
314.714251
313.922511
280.765834
378.490833
189.701674
323.014143
267.694342
288.447747
404.949433
314.072395
252.812958
407.721112
363.761663
401.17393
225.463702
401.331216
315.344178
129.531405
323.997715
280.141028
185.360199
370.060041
371.199819
208.601068
379.466165
302.360577
295.297015
366.655566
297.728676
220.35778
387.689829
243.267975
401.66668
369.26463
334.365376
150.253548
314.073296
177.194466
372.477452
348.124383
406.739062
387.401356
289.017702
309.63268
322.325442
278.920828
134.009488
405.539944
353.654159
382.614326
361.708636
372.723898
362.601485
363.34129
151.237921
404.192934
202.97073
286.045115
364.451258
297.0043
307.633983
247.723602
333.993553
245.818368
356.553739
173.094581
310.220405
345.264577
364.456379
121.360125
327.650518
299.296956
303.350407
308.033919
293.218813
391.919258
369.308248
301.759548
245.119843
210.634909
396.892792
292.313667
298.740776
248.216993
406.925264
319.435575
340.201815
397.396417
270.916874
348.11725
367.712838
318.723619
280.393515
356.40306
171.077255
352.846961
256.237126
202.195766
328.957525
354.400472
260.831906
285.600076
250.654163
279.85796
400.67035
161.141894
193.927389
336.699418
369.706709
344.991189
298.499446
349.438791
377.079734
363.004924
354.562125
351.73971
299.523665
248.362445
346.682423
248.532083
326.079644
128.413426
223.274439
272.116888
395.419815
224.899979
210.504818
368.932535
176.938579
200.185761
282.135042
402.806215
178.226444
161.211989
339.308538
313.946745
305.093928
194.031167
274.654326
202.40289
286.677359
349.340535
281.572336
407.165395
249.929795
384.66975
394.63065
403.257227
345.351971
103.00652
363.652357
250.816153
274.977377
181.894777
288.55654
373.194914
307.356363
355.554179
302.399727
230.270526
352.30117
351.054638
396.656579
388.034803
277.45213
362.589991
241.206543
330.525118
240.635607
361.584898
363.30324
318.048515
320.77146
339.077036
221.100103
403.771788
219.162711
386.748534
348.925714
381.629347
250.073351
248.861312
287.135636
202.175479
159.835569
318.463929
349.263853
255.153691
194.605489
272.942837
386.996629
259.915166
303.101251
400.113725
292.08396
238.913917
278.184794
392.272394
363.764261
386.823555
261.480568
364.178277
330.9556
399.365472
343.997921
360.515248
228.935718
326.636307
216.398951
323.267518
364.686266
359.387034
352.398585
408.386673
332.810068
289.949306
377.012567
246.2237
251.333526
219.368984
228.751775
181.688711
395.923379
277.574274
379.201429
371.370747
282.172463
172.936717
337.047597
399.700522
328.332702
299.943895
287.96944
383.14678
306.603323
341.812742
303.960152
257.707303
378.590151
321.254941
364.99588
295.62144
309.198318
339.369717
407.313525
271.366603
167.06157
263.017354
366.555419
379.043793
357.174367
308.846684
237.349494
242.901558
314.957365
333.758389
314.797432
290.551552
281.793002
322.568851
292.449589
207.819006
299.19281
251.15405
340.047755
331.383641
384.615703
230.660796
243.159219
160.412234
195.646163
274.496181
365.413498
318.131917
377.236043
346.365211
400.473413
269.953399
352.322613
396.861005
305.458078
368.462675
354.180377
273.604397
339.060135
275.586766
379.757483
306.79523
329.879538
310.492264
297.132861
228.745672
268.826927
340.908277
241.648404
352.343008
225.278377
250.002337
401.698625
322.390937
217.778395
371.364013
227.656052
348.979983
387.635992
107.740166
316.977809
265.901476
316.369361
306.271644
394.96958
288.951679
221.609917
360.200743
407.672353
299.632437
399.565953
346.184964
371.133635
197.659177
189.599801
405.911009
187.283076
265.128882
348.841882
270.241023
317.135881
100.326578
303.602116
317.767196
254.179189
323.900223
304.998927
275.604524
318.802493
226.783381
304.30982
222.736535
186.341885
349.954307
370.653239
199.500488
231.562504
352.260367
345.60836
284.861306
398.63489
354.335175
378.883985
193.796028
304.629413
408.696408
334.37227
282.785618
364.428723
389.167174
355.658792
384.881108
338.034509
403.649959
239.273966
387.879339
241.773205
247.126971
261.022523
264.13543
366.886617
302.953933
356.235804
384.235017
270.164871
341.211039
289.039811
291.200666
375.248609
298.21871
291.523707
269.737714
340.783727
386.428761
395.405931
290.424985
400.277353
351.764069
226.824666
403.010016
326.698018
312.945987
355.649657
309.478032
363.266101
367.155296
265.982092
310.227728
292.603182
275.512064
401.739698
402.218868
335.29047
375.864669
328.841221
338.304598
268.760338
136.16461
191.340638
295.796877
332.121136
196.429264
209.776965
375.031297
214.944437
405.562434
342.988504
262.550614
329.28852
405.906207
262.139825
230.11022
364.424767
298.109459
336.166587
307.674392
336.430282
368.408817
284.479252
285.750699
307.730803
345.385232
360.303344
399.50533
174.916357
370.117987
370.945325
381.608802
329.952774
328.343827
344.451479
326.011838
233.943689
188.593417
361.804461
167.262061
253.990723
225.888621
317.625853
262.676683
312.331542
222.257266
325.234419
370.839571
172.156655
400.990673
288.041701
296.771224
225.180717
323.531259
367.047697
319.367137
265.145835
382.040847
272.808918
329.478712
325.837213
198.642001
280.384237
296.522595
298.054282
287.91091
359.204379
161.878534
156.263096
338.050224
352.609762
284.788881
336.761716
278.712238
390.52126
170.627089
393.255319
341.988777
295.758041
309.023162
387.103978
318.06336
327.286916
381.189671
302.973914
246.400023
312.704782
197.084544
364.97284
167.711287
239.050998
336.498745
274.310791
309.452375
382.77776
333.186774
394.071219
215.011836
395.610501
303.699398
305.870993
309.375893
263.545163
340.112229
154.202901
242.472391
385.54714
388.522302
126.315658
353.710532
273.96836
404.691555
374.273778
256.754264
324.171809
113.661128
405.72282
387.304039
228.633633
158.38828
385.564508
295.501033
390.031155
353.210781
392.56926
192.458066
308.459033
287.981758
156.894596
370.717106
304.145396
357.568077
357.373452
356.619996
213.969311
352.902497
236.470299
322.346524
371.329556
362.147074
319.702226
382.738513
400.160213
207.983571
196.79968
294.465125
257.042426
379.692903
183.783895
171.803336
325.970946
347.97589
319.361238
251.52448
392.987248
232.099242
161.950963
349.047212
400.934052
332.530885
192.140256
382.204951
203.741897
326.495034
272.629104
385.161962
220.4524
358.589217
265.068146
291.780049
144.205525
407.472842
397.092027
140.063872
280.574827
340.25835
351.755851
370.321463
318.71334
317.527464
291.562004
358.829203
387.950883
340.010533
376.255022
361.747958
256.961618
314.778416
388.672967
319.965434
381.222591
207.839471
362.064121
252.892485
303.793955
299.876515
280.783362
273.286572
385.798647
402.747208
316.894804
299.179853
399.509284
321.46217
405.821339
379.290336
348.540533
360.065931
299.426149
219.11249
391.155159
144.211265
217.019065
358.12688
282.456171
287.582526
304.876734
355.366461
298.426093
370.934445
235.778027
402.431095
387.254915
357.414494
276.758401
270.889725
317.475524
305.769075
394.656803
236.470817
188.016731
273.551111
343.084273
303.911875
407.397174
274.402151
275.747679
232.679336
243.350461
298.780979
323.191132
315.713368
376.636993
248.962156
338.021726
148.598873
250.176304
362.767616
235.40232
338.759257
347.221687
334.419229
196.469217
290.797669
397.26589
186.8412
305.020256
387.40477
271.834211
279.372464
333.82204
385.579547
317.825036
346.653952
359.070225
341.817301
314.018202
322.804517
357.384995
216.881092
381.620433
374.263365
337.944628
295.360313
262.276469
333.059323
305.883423
329.036321
353.510594
341.812424
330.281135
204.433003
359.332757
382.119579
403.745248
168.559539
350.70196
363.464951
201.122885
260.97308
373.352471
175.398343
384.606128
283.435286
301.226741
176.09711
397.90076
383.045335
295.019194
377.881892
346.773932
353.522329
188.408053
245.285822
318.593829
365.80974
308.601062
361.6667
407.414961
324.085726
406.980284
185.940022
332.504474
380.668709
315.66432
291.013643
237.14716
341.376993
319.303567
387.256092
310.781682
292.728877
244.839976
269.370788
297.78893
231.124596
395.871389
289.13956
351.484366
396.802941
306.552931
302.023198
174.203769
270.135429
381.895348
382.917256
270.704493
170.042089
400.679741
255.644199
377.388584
374.96836
314.126508
275.269434
380.266042
403.682403
257.843154
327.90218
362.170096
379.139147
263.465537
310.835518
258.831509
245.779351
386.992191
363.601558
296.38561
287.092944
235.315771
310.010927
347.555792
324.67092
310.337173
404.884859
216.537353
392.720788
326.226151
202.823881
379.477173
380.275415
387.604527
258.82274
337.133602
371.539264
338.786255
232.77936
238.513004
254.788352
255.802746
287.182663
361.54736
354.390472
408.433213
271.097796
319.058776
181.985833
370.721977
185.568063
364.832729
345.900592
295.057223
340.143844
332.863198
399.205771
325.84219
373.315527
230.758132
346.399604
272.615538
255.93893
184.699364
327.954464
187.153277
118.203085
252.327566
274.221685
287.417931
384.464818
309.723943
377.47868
327.183581
364.429133
299.464668
159.172156
356.478374
297.858654
113.557962
330.425309
142.579857
331.616081
235.138111
224.093711
222.612353
372.850418
340.518966
251.623058
199.995075
240.575303
178.304383
340.689473
369.968568
329.246739
326.953494
371.554424
226.922069
405.299397
241.287381
250.414578
359.883883
313.086136
313.559387
216.292096
389.938286
324.205339
226.366668
288.48326
400.044289
306.240762
322.836333
326.455704
348.772907
206.935598
306.605378
325.691082
304.983534
376.72332
326.905059
336.895245
332.839566
274.128368
297.494838
322.259713
188.727151
279.169458
315.79033
284.633303
361.152521
362.117361
350.03441
258.183027
186.203079
393.168192
318.437106
396.806238
220.177227
375.287251
295.683251
245.415775
400.875443
161.718108
390.547453
316.264889
323.362185
311.030917
364.225784
345.925671
394.420363
185.546268
308.031809
336.73759
316.338796
246.805553
360.718719
355.010565
171.06568
278.416652
247.31272
192.127173
280.580445
325.32945
298.976624
377.296072
346.021015
349.00959
293.024009
286.625221
208.92328
382.331979
338.223262
394.767303
357.668158
239.5674
329.471144
338.203955
292.956487
297.86291
322.086289
324.972153
393.160847
160.378082
224.269273
287.46
391.739871
256.591353
367.695648
173.137106
362.923983
393.146367
358.292262
310.899882
102.497987
253.04873
385.187355
374.601201
360.293639
375.937739
356.869922
400.687676
348.742146
258.850196
252.725417
238.378665
405.076616
392.228929
194.483338
404.846314
350.927878
272.122014
376.912902
342.879489
220.51636
269.155498
399.643389
391.308801
339.271511
365.694748
331.650002
172.211272
322.572513
301.6657
403.620038
170.309234
379.266183
254.663004
239.844292
331.795596
258.788168
360.616986
251.249933
288.66645
188.200818
313.100059
270.939658
372.058534
290.177194
163.124509
302.654439
319.965898
398.411586
178.433954
299.853769
315.480384
321.817583
391.148733
366.487234
291.268116
258.04104
185.251174
322.058511
271.13375
348.885179
316.620239
339.222278
256.393478
375.830204
401.962975
352.126913
323.887666
339.172384
381.352043
213.105957
303.275679
293.86748
352.298041
357.821169
221.344172
360.919322
259.445427
393.967638
226.087407
237.978663
278.389075
385.64713
256.902966
289.6455
302.622866
380.299707
344.565583
309.737287
244.795319
388.914423
379.897875
274.708008
255.035605
381.78033
279.915497
230.941756
321.9329
275.54502
355.06235
278.57019
166.005803
307.574514
362.468689
262.227943
362.09201
359.058751
314.846852
316.753052
379.835647
363.975904
363.742493
228.506108
404.605872
398.339072
269.018721
389.193821
378.909121
314.622917
309.222405
282.810756
387.832017
297.319659
398.276163
397.0636
351.206833
357.809293
404.261462
331.733524
344.532472
248.307414
252.341064
344.593382
223.730356
239.526094
312.058632
244.554559
368.327234
258.910885
224.080584
358.681051
330.978656
370.401075
361.494268
390.168362
401.122446
310.88186
323.561859
252.820887
371.314109
277.921359
323.15163
386.251307
328.449593
403.772898
360.978276
334.034178
331.285981
379.442351
354.231804
296.485245
390.926896
379.137956
390.861141
280.517738
290.626112
316.126723
247.56704
206.351809
248.098522
362.789648
270.226751
139.376914
323.473605
130.764796
282.393331
393.738876
383.464131
256.425854
280.094622
351.12751
325.510793
257.292844
224.932334
248.574446
195.170647
207.60263
305.042297
401.517764
391.358563
218.35161
268.164126
323.570249
380.090441
341.848558
228.316916
195.988136
297.292689
362.037626
275.529957
312.929491
233.15326
397.515968
325.007369
286.373935
257.528243
387.778356
400.423399
381.313781
379.226033
242.634539
313.883742
276.358772
255.401297
313.718839
228.823485
352.268628
318.974366
384.02779
285.240972
304.339183
310.139695
364.952905
340.290789
387.133151
162.803463
291.048786
290.571093
309.04572
307.707166
243.520162
400.659018
311.562544
298.102732
396.855879
376.068555
347.800107
316.036084
379.102423
320.546365
389.337325
171.581703
292.180408
296.314517
384.978685
345.892055
387.537321
310.408651
315.40338
114.697603
321.784266
243.141192
333.562686
289.362701
383.58183
302.628955
246.873281
239.489658
244.75484
261.931807
303.658187
353.459497
343.771309
364.771391
299.915362
371.24297
293.149997
371.225152
229.575426
360.894582
395.941744
403.270924
332.601423
388.360061
247.07905
329.410271
245.643952
351.374511
259.425854
323.437231
320.041497
241.350904
253.61299
325.420966
277.66296
320.615759
349.881276
364.96855
379.601745
139.914507
323.226953
286.251028
369.485737
380.034234
385.023041
357.721432
277.917195
191.797861
187.554205
385.73411
345.00946
353.106349
312.036636
147.994273
357.524253
246.086527
125.833837
388.978287
309.46818
252.673896
240.821569
397.347861
239.071702
341.448845
135.035651
403.982492
237.428073
370.003825
338.466543
360.795824
407.62104
295.094561
190.086602
392.120258
387.798828
375.758882
228.427954
310.244568
182.013233
394.492909
285.331351
322.040931
231.835859
253.720753
377.93143
232.590383
313.791144
258.927367
251.0414
318.995742
303.362256
350.213984
383.272021
333.089033
254.378348
366.848268
404.14795
259.028389
349.501993
393.019241
335.826578
305.458074
151.063659
364.733461
362.346748
214.136761
308.940059
299.674536
118.26319
378.439961
403.27059
298.845844
326.673257
262.973456
256.0616
403.930923
320.538771
295.266665
345.648826
350.218854
342.269869
381.831079
359.973283
273.477624
201.064825
393.914063
264.639934
387.420987
390.097792
309.34903
271.066286
110.559297
365.616991
130.299439
406.958486
238.086242
288.170644
329.495676
389.465379
134.343616
254.808818
245.899112
230.060087
367.275758
273.438226
402.426665
389.085001
215.130557
329.984605
377.574081
318.718962
269.886473
246.303352
299.538091
375.896603
399.034538
305.277959
205.155806
231.03579
368.765537
400.803565
278.159503
331.870569
405.257961
232.423815
376.201197
389.974039
375.308409
302.895346
343.334973
348.689787
303.926874
383.529466
261.716502
313.266822
323.29287
157.943355
399.879982
390.039008
390.198734
312.133672
313.689404
392.185883
314.70325
214.276456
305.868359
291.013594
347.895188
198.50382
393.025329
351.125853
334.984834
354.287561
295.146616
287.026608
357.634756
290.040354
271.639608
322.424047
202.608406
221.894135
373.818431
231.270764
224.016197
272.486744
391.777485
393.673879
187.125735
274.551583
397.087944
195.724819
403.315296
281.983208
345.748938
319.409628
380.382991
240.424172
279.783318
385.092102
334.348932
387.454748
348.482754
250.643636
386.587421
406.252859
403.470799
349.24121
252.233703
165.923729
182.255419
300.295403
331.703035
344.222525
307.052708
405.135085
316.492165
358.914474
335.912958
360.093531
344.253342
405.028671
385.37393
299.234614
401.234465
400.408004
331.791308
391.458462
318.865926
249.287146
347.096716
316.20471
357.849198
267.788722
251.019148
288.568633
226.771233
394.005255
222.697151
235.23036
279.815121
359.182197
377.398287
389.008269
272.09411
385.161737
256.995843
178.708739
323.874708
299.369133
401.463586
324.940408
371.754287
315.723029
220.933719
390.754915
346.416432
377.030884
345.605621
224.320676
369.569411
328.595455
354.309143
306.280951
295.093411
378.551569
405.308675
334.288932
265.78844
260.252914
358.642583
332.844253
348.04661
343.657248
328.12748
315.880484
291.902833
344.442757
386.668315
334.347806
250.095482
384.194708
242.557166
270.059976
262.89203
200.842353
323.29255
285.735151
241.072621
247.009575
221.190127
194.150622
355.750809
385.795845
332.698575
298.226121
312.332169
324.404987
328.869016
277.904011
311.700573
386.895491
212.399273
353.469634
296.096242
356.643694
299.987211
305.776762
330.997906
340.540344
357.97319
214.763533
352.873818
383.057764
311.632523
357.796335
258.685371
237.156584
212.184924
356.086843
301.059109
327.465683
365.89143
272.626045
351.019224
147.577792
329.661611
350.962324
380.406003
374.943245
167.143239
324.110096
380.917003
283.043669
235.216328
365.861427
262.021677
317.270832
308.225331
248.700496
258.228992
315.475585
362.985837
359.305928
394.064924
243.092845
323.734799
197.269302
333.201311
198.458978
354.891677
407.542712
261.409856
345.167332
384.576308
373.180998
390.842868
317.155348
330.120306
335.563854
202.423942
386.429424
220.55731
357.398067
293.255389
358.641603
235.247839
333.89224
254.253726
179.435541
345.313391
356.082261
283.27085
289.831895
201.173476
195.957812
194.714194
382.642012
188.506274
303.23355
215.272856
279.900351
357.515265
374.478402
267.018661
310.322902
303.644068
204.76551
376.532
301.170685
343.107333
278.762518
339.441332
148.085902
323.043074
382.249771
232.043128
322.438657
376.065433
294.815138
199.113173
246.91193
288.572321
372.084193
208.57521
247.247959
343.399792
317.842337
341.965224
331.524855
297.053351
309.542815
303.499829
257.286342
274.499649
384.152776
231.697992
224.936082
399.523263
234.418573
405.453385
226.770521
397.056224
395.77974
322.605627
246.076988
311.285863
234.989664
208.983654
329.653059
362.285294
301.040762
241.259441
347.509903
363.517662
403.193469
232.399468
321.350974
373.052855
305.289193
175.601196
340.268569
214.69472
373.336552
352.546601
365.716187
395.23196
207.196402
311.249259
251.426853
395.381473
193.542604
316.661765
306.706166
367.697395
354.034034
386.838612
326.648642
301.898278
364.244251
310.747921
255.94569
322.25759
376.174681
284.874699
389.731947
358.314023
373.390205
378.709307
342.131184
206.34915
388.210903
209.915337
219.926923
336.965733
383.396497
296.434369
316.639228
316.586809
317.397182
255.567221
317.621031
262.565231
352.358212
97.105393
404.418744
362.352617
392.771804
352.028243
352.377206
293.657427
244.187989
343.102413
350.257785
382.925651
188.292742
309.757745
352.767351
290.060768
331.703935
346.892567
278.344292
313.933857
182.459201
351.141152
193.829861
228.231013
366.935945
284.565614
392.643195
398.893323
315.218976
316.491952
231.20724
371.907217
296.179144
387.227639
271.009718
160.620688
382.881707
193.419505
244.60252
137.795107
269.889189
361.812708
361.869025
357.068709
211.691868
121.370675
312.211849
192.662678
299.499219
303.109215
213.666838
303.131146
291.911222
179.543845
250.978841
343.314415
287.268485
316.254209
364.771523
167.71547
258.757878
262.382625
257.555376
244.487607
368.088604
380.175921
394.675864
152.757415
354.848915
386.843059
350.311944
343.632181
137.622105
396.263894
265.921193
225.809263
358.321304
247.099758
402.179388
210.513716
230.563822
331.642754
310.131675
305.910533
317.228368
194.22
328.511225
252.648195
211.833018
385.148784
282.935026
280.467034
357.493151
363.378862
248.127601
314.417319
304.010512
401.292176
299.839952
358.436217
359.566741
208.842911
404.113233
310.160641
279.243064
234.480279
310.822396
379.985553
313.816521
304.872505
385.944069
250.452605
355.98038
391.007126
173.483786
376.939549
391.693628
271.284844
341.930029
364.04167
313.100438
385.688803
356.758812
158.513323
401.809135
375.877865
368.348779
269.686214
275.708248
281.010658
263.651018
288.102912
301.472416
384.965067
358.791173
404.957581
380.929404
369.156607
383.62527
295.347146
325.176294
405.481568
366.903335
247.255286
348.79589
311.589854
253.47022
381.171352
350.396119
293.149471
377.602616
302.276253
277.110523
236.204412
383.231256
191.088279
332.647088
292.981682
395.82091
273.946394
320.539249
388.936742
246.554886
256.891299
266.251657
280.099874
326.768546
296.400373
333.186976
333.11273
325.660221
291.00873
240.139968
362.45629
381.889584
220.341862
360.634601
233.280055
404.452221
221.534996
342.205737
309.366741
198.312483
404.918392
189.455747
338.445341
231.268889
336.444837
339.539674
328.247663
321.190348
399.152209
143.982849
378.818474
326.362174
227.575572
223.755387
376.518386
291.524293
207.514009
320.491651
301.415069
347.042414
200.725662
259.031674
401.19271
375.836261
225.822026
388.325288
336.088278
370.729279
395.755554
385.409636
253.57841
309.351168
272.718063
131.159953
352.279898
259.760858
294.823784
355.194194
231.457806
278.466807
384.534718
207.407381
353.097151
369.453121
321.095489
273.791782
354.609486
285.183394
391.077107
169.558492
353.298622
321.501388
354.805706
409.105515
317.014672
267.709401
356.745735
280.642463
334.191472
343.949694
368.251519
148.817586
341.057372
139.55432
340.004618
335.792748
185.948529
400.000503
249.461003
360.307211
183.736476
305.811427
274.788599
241.250113
277.416992
314.629389
347.801545
240.95901
345.994806
390.515365
170.646732
349.567508
377.891109
337.661427
405.615548
278.807004
317.216042
297.704348
395.859647
310.627382
223.094324
390.53768
292.250616
231.373917
367.432096
339.838195
153.911383
369.391075
250.276232
272.81679
355.764842
236.128054
300.973015
323.492187
367.047569
241.331854
221.344475
226.371246
377.691492
334.69567
315.28361
386.054505
376.476806
363.545806
173.15315
402.714876
348.055295
241.322477
379.565274
259.229133
381.1804
394.516887
383.913749
366.908045
176.300131
261.491074
383.230687
355.400191
272.75554
284.415259
371.961664
327.585689
277.550468
351.077725
344.624545
363.096465
308.603902
363.17678
340.272891
381.642344
323.617496
314.482474
346.437552
277.448928
286.552578
272.36876
379.563644
400.865514
399.834471
359.965887
289.945105
362.07972
255.69792
146.422032
386.018597
271.764707
389.262031
214.311805
347.907611
281.685556
238.200198
300.789787
366.156604
242.706736
337.726046
378.103448
395.782969
402.357549
286.694588
364.853136
336.011842
193.882437
310.911197
148.6125
308.213208
408.719927
266.082104
332.435633
373.814475
356.721652
340.573367
315.448961
328.250308
386.693852
174.45488
371.042556
263.165571
337.031006
265.057802
397.377519
393.070538
229.559437
325.10299
385.374347
288.472135
161.979682
313.415068
301.562993
297.476128
310.410912
317.037966
275.711619
352.405396
344.424075
404.719368
344.828521
349.716381
300.797069
353.185217
301.032035
326.300102
169.603104
407.232863
181.205572
235.988436
297.434878
240.501759
253.942192
409.073771
358.026451
299.332194
282.501815
288.316175
329.448492
337.50065
353.38059
295.402707
238.186941
280.438524
248.992585
292.633975
275.224995
265.543158
318.753653
299.26636
321.862519
212.083071
404.207405
274.073486
351.132973
337.058466
313.318745
307.765741
336.780332
346.158144
368.343796
348.551819
355.893862
383.243827
297.271461
356.179635
349.770333
319.943177
202.846399
222.368084
297.097748
340.707761
287.296858
375.276688
293.722022
391.019228
398.671705
201.200061
281.579648
326.421578
140.708327
240.012575
200.349027
373.618501
285.403037
244.679435
192.908129
263.536015
262.831569
406.780546
355.980192
236.224693
250.766734
327.636474
361.363939
297.197267
192.837429
230.366604
260.052522
176.537304
395.499587
377.857241
337.594977
294.320713
349.094039
396.507711
392.352507
389.750724
332.834121
177.607668
253.819746
167.20675
310.575575
296.268792
348.450023
385.638621
326.561656
335.957893
142.026993
339.812916
216.948264
156.969237
346.347973
311.007691
307.793016
406.204152
381.801922
261.04806
220.533516
401.633658
282.300262
220.202511
361.734419
344.575154
256.594167
207.136292
301.092604
317.623714
330.00407
321.418805
355.995653
350.87335
314.16221
351.729017
204.959366
169.587599
263.752902
278.781099
313.644046
325.893917
236.117056
267.762704
361.07869
274.834057
398.549841
202.587249
368.221875
327.345539
240.608195
389.738258
299.413077
360.152127
258.849246
351.28443
241.511703
343.119123
390.418742
349.141101
374.899593
384.328909
269.571739
273.101606
345.310715
275.218793
302.84616
308.142572
304.975764
300.939806
139.31975
386.560305
140.151994
359.637565
353.553692
252.382595
308.152637
330.793785
303.567075
307.284316
286.535846
197.871959
341.485811
327.998536
375.686263
389.021012
394.526531
209.461945
392.16776
381.66321
285.985332
304.528376
243.29908
314.395617
163.495382
170.016775
238.391013
255.553389
314.064359
286.384611
245.426254
320.440934
368.046862
259.54761
331.334064
359.990675
369.987689
291.677973
276.984042
371.603712
336.26083
192.607301
153.871703
327.199277
365.717244
395.483224
208.746744
166.421954
347.69989
289.733189
314.378452
330.709865
155.426942
406.375076
335.769292
398.815601
353.106083
330.495248
215.813057
346.548972
280.873424
282.077551
100.429417
335.818794
365.272312
168.011081
169.485653
381.933013
355.369371
289.588977
233.848914
311.260577
399.763532
187.332019
344.524919
252.499941
397.778347
210.083207
242.795909
399.372073
222.376208
369.953778
338.96127
376.171232
366.488349
192.238417
202.112478
379.485803
166.260387
401.06218
399.219262
299.256153
238.476211
210.10843
309.522313
307.998832
219.794993
338.038683
394.064756
331.531149
263.545804
262.245613
140.374377
251.990373
285.793366
394.895863
351.058747
231.361512
329.953443
281.555588
103.465506
232.677887
392.441617
368.975285
255.652608
350.880282
370.695887
304.0435
224.827915
238.736938
177.963674
365.648235
297.605003
190.14725
311.508867
377.164797
229.156131
272.350963
367.871577
318.088343
279.61894
313.84235
295.702889
346.197791
301.842041
382.974633
200.502844
169.529857
342.631123
398.56795
222.131378
402.191664
275.107463
380.423945
298.534369
326.138252
309.683332
318.769434
295.335012
369.745448
402.705786
368.749681
335.58469
199.1147
255.267003
197.622791
339.87677
335.601917
377.621025
193.206704
369.835957
363.280335
271.713714
338.992251
220.621249
267.878508
406.343981
334.062482
188.638973
207.497307
401.129952
385.262208
283.966255
258.993016
404.092438
294.61945
330.813496
304.818183
399.153851
352.589981
317.314277
321.618625
225.13173
386.260511
198.286048
278.886574
397.726313
367.426339
146.509789
246.979423
199.300361
219.638381
332.946349
170.775202
344.867855
300.209309
244.540266
372.250654
356.216803
275.156611
287.44523
289.498018
328.5842
143.396046
356.557052
322.649988
306.367122
396.963666
348.747988
374.829263
362.343337
313.806169
304.29809
396.916091
296.335324
324.644084
307.22904
270.895317
282.377326
399.694398
322.799633
323.739058
337.681051
405.172765
295.673681
354.369573
381.649238
353.967835
191.96107
313.031445
282.135211
303.98185
225.773736
249.823583
351.367283
131.940511
325.853239
392.910514
380.094568
365.743723
332.590044
340.848483
307.894044
357.047384
285.585673
293.624907
100.465178
322.066589
374.661254
342.006122
397.58588
371.789606
305.209393
171.865903
324.29935
320.891302
309.347222
370.142929
375.366892
346.636291
315.995908
280.442387
299.251712
304.942843
283.867938
356.443034
406.432413
274.308012
259.871817
400.399964
272.970008
180.841041
311.605451
384.289815
330.763193
387.038342
270.101684
160.881603
352.399242
408.996159
366.188989
337.693014
357.485481
388.861403
236.340103
350.333967
296.788366
372.705751
231.261044
292.167821
212.147739
332.887194
311.585699
336.698596
300.947129
399.525583
373.781813
269.157201
381.757829
394.219291
333.033278
255.552881
188.887948
301.129271
192.184817
128.434783
322.989165
244.575309
366.605552
371.504882
242.555036
336.132203
254.741898
264.134088
347.768294
268.078874
351.165203
224.44495
305.574034
122.347894
273.193351
167.029654
239.756841
294.530105
329.487159
396.58503
246.346473
409.387134
368.208214
352.515412
364.642129
370.76471
396.165181
316.294636
265.92763
168.781442
381.253517
179.801289
394.246982
403.665626
338.226656
381.656747
320.970536
308.024622
382.597249
279.495741
403.572293
262.115157
196.297248
392.98157
304.569906
207.507429
291.060464
363.383886
404.619815
265.167474
393.532763
316.73643
293.473202
210.735258
284.879081
361.827939
401.423958
363.761233
195.315251
378.927813
263.973232
312.831049
330.923482
165.718609
389.172483
398.967213
358.424857
359.950037
200.096766
273.16394
267.471146
300.574243
369.154651
241.751483
194.621511
280.467243
351.957078
298.362657
247.88145
297.60248
282.113883
211.768274
395.518975
304.584515
344.682496
295.028575
280.517251
300.992479
404.701753
379.549456
367.770408
330.986271
307.169959
223.35726
265.006896
122.922898
311.83483
134.555236
270.188508
263.863135
269.907674
361.07636
186.73743
312.938123
286.818711
376.047379
254.616733
400.208048
299.584002
313.934424
364.470187
204.55645
397.263589
336.920874
305.029866
279.713293
389.645137
352.015416
211.165878
228.230745
202.915663
296.818522
238.438443
253.37773
327.608354
170.93827
288.726432
370.101211
400.090826
361.86683
250.276297
325.810569
378.310677
399.382129
336.115163
381.054977
195.364281
166.477326
387.221466
401.516824
399.174368
242.626586
303.433179
358.766906
338.571972
398.212544
403.166332
307.249989
237.833973
140.155797
375.866414
366.11171
161.744428
339.059489
342.65885
319.76186
304.042553
399.535125
316.35071
148.625231
385.006072
342.91894
298.141679
304.631919
341.700987
393.314341
211.673135
264.843588
168.959356
299.510599
394.89855
394.064428
280.201169
228.194549
404.073555
392.815173
324.135827
320.443591
327.323941
380.301258
217.045746
328.832192
370.700857
379.489209
333.212065
398.897064
240.557014
404.547571
322.313222
264.758257
196.326124
242.176073
319.489584
318.402007
402.443966
233.768353
297.435858
152.273139
164.385709
292.76172
309.026622
222.545236
270.141401
140.411766
141.82789
387.558909
296.586957
387.871045
311.396208
285.014766
228.884553
388.885805
177.182389
363.126516
376.357901
350.851259
288.274587
272.156457
394.932738
314.498407
385.656908
268.487413
306.944544
226.017188
181.988412
324.131074
324.774487
184.813274
220.088073
356.812144
383.064463
405.511473
233.827034
361.181456
398.167446
189.117825
185.163341
310.84839
288.99097
383.672439
258.672214
276.295831
380.860736
288.15734
357.388946
349.375318
333.498999
235.648788
344.218579
214.650097
337.422976
355.743588
300.029175
352.331729
316.815334
310.72054
247.885213
234.620249
338.282359
301.173909
377.278794
279.070107
359.206031
349.304205
328.594029
354.808955
365.132081
386.356581
216.732465
374.218157
336.427962
284.879284
309.27645
306.893233
142.747676
292.176419
354.885504
265.796115
328.009933
308.447892
280.074981
378.89163
311.722263
144.04692
264.078584
289.757622
384.024698
322.643734
387.8472
261.107345
287.160499
245.417533
355.691364
384.504001
356.84695
229.627708
235.855215
234.583939
334.852038
265.225128
400.934412
251.190731
267.584272
390.810784
313.519311
147.529226
387.856683
276.75794
276.824384
349.624313
320.381799
339.00892
307.819959
318.958725
270.957396
287.60293
384.294933
363.081323
344.91906
312.771539
272.470366
208.703679
305.063491
351.014293
380.799386
354.247574
356.274121
212.945328
326.241706
265.226108
386.136887
228.560407
279.313241
269.389891
289.575743
369.576431
303.748943
356.263234
349.357483
359.803455
370.286709
370.194982
354.95
336.6272
265.272734
335.284442
304.499621
220.361471
405.899703
369.350389
387.602683
349.26533
386.525038
179.153172
387.882936
396.592342
351.157423
389.343997
335.433677
393.780486
402.233944
178.10703
400.273983
324.589365
223.939648
394.047829
405.985863
281.842648
360.840305
330.844818
328.030738
374.395466
329.923151
310.506522
369.13497
319.491763
373.725494
219.53271
372.266637
378.017558
330.380873
285.935327
365.194395
288.861796
286.366444
263.557953
386.699827
255.948234
404.221178
332.895424
286.041246
276.050334
192.713495
336.586935
371.391242
234.207048
173.081114
252.811254
330.426426
385.675827
243.203315
403.147016
297.458074
356.379321
356.343474
330.830692
360.226458
307.007151
396.336658
306.123533
323.983974
383.087253
304.571433
190.567773
341.133255
387.805556
246.541142
249.540759
388.934425
230.96078
361.763651
279.364754
267.492824
353.897445
346.500524
352.321282
367.379013
287.995247
203.862957
319.708493
325.688133
340.901039
386.529341
325.953554
278.003359
349.668211
190.846516
177.852822
315.666416
307.056266
402.727378
323.919076
360.191119
309.88721
350.044652
343.11664
369.394576
190.912867
275.021256
335.537277
231.970097
346.431865
259.803478
362.004337
267.797094
281.389947
333.542819
335.605536
140.251255
359.439395
319.557249
396.59571
328.000398
348.876974
271.24152
348.448894
275.377395
266.736492
362.268512
254.075852
239.37793
319.13276
229.315545
301.91075
328.007089
378.526661
173.403685
136.533473
354.278876
383.509807
302.648843
174.86432
270.053448
378.184307
358.509784
305.304671
405.056298
345.427266
350.567936
358.040247
323.757761
343.499934
283.746662
223.066624
385.286854
272.969828
121.142628
350.99034
292.632879
383.736563
241.63004
400.375391
346.01256
171.836002
306.894477
364.43509
288.240756
357.090277
404.611769
277.916771
328.925857
394.376151
252.708076
146.437036
262.152933
362.931383
399.934616
352.15223
385.26619
344.232611
281.96124
242.39972
406.105222
154.941823
214.475795
173.899475
136.168633
346.921212
392.799288
377.382803
402.775439
225.388019
211.946403
252.124547
388.267058
288.536054
235.034427
282.378587
265.180826
320.920494
297.492463
311.45452
138.486118
319.877101
225.069735
299.175291
401.844191
261.052315
370.39716
321.589826
397.568558
356.916052
129.921322
136.865659
161.223451
138.662059
399.67959
294.391633
380.638387
281.819394
228.409691
204.748648
264.447167
275.574844
134.276479
167.726584
247.81299
404.617666
330.520003
217.227502
269.361806
306.190617
220.794156
254.060745
348.670051
390.355155
363.074533
279.908025
375.619287
270.78135
293.35109
382.685804
304.695801
336.909712
401.193371
362.644542
314.920179
336.285116
390.006771
392.353112
283.92323
397.621995
382.033211
206.421009
202.005066
148.700416
163.540809
257.611173
290.290136
321.930364
348.839384
344.293657
345.866161
220.067611
338.917897
306.27327
168.116541
350.916475
291.52543
344.699412
368.562298
219.865363
330.925767
220.52674
374.813794
278.418448
317.721068
389.459025
265.33996
280.764081
262.378068
202.045217
299.850363
322.101642
373.086976
345.80676
243.416711
230.528999
394.218012
239.708201
255.774347
339.946385
227.573431
295.513966
275.74234
295.312816
359.078129
380.881514
309.377769
332.96637
184.159988
404.838762
402.960511
177.728351
283.787354
316.455846
375.996219
166.487418
397.503381
371.977405
333.086283
209.640628
381.322306
171.395869
345.45159
325.217043
187.618324
351.000076
322.933629
211.555118
287.928769
224.792675
279.412187
402.433082
169.400104
315.801527
255.346625
238.704547
326.433991
189.929129
335.149801
334.985726
345.750194
324.890965
234.026114
370.004163
218.053563
384.154566
359.184756
211.305658
357.956072
332.197595
234.455716
194.921241
269.57201
119.971865
328.951985
318.439961
376.909781
289.423308
313.100818
276.991203
362.066285
312.034348
228.296154
387.550543
239.732977
216.444984
225.888554
338.222802
369.374108
203.933958
291.638819
322.328838
382.058044
228.823786
311.130057
322.026034
404.256817
213.57169
290.209619
301.901072
135.063933
369.410375
405.015813
298.249891
207.505693
338.12587
396.564222
312.645067
402.301057
339.730712
389.959913
232.486009
292.445047
330.336545
334.517809
361.011415
369.893534
228.882221
240.294712
338.514428
143.195561
347.934966
196.068125
222.056551
207.044414
329.55094
320.844401
283.717423
356.317538
239.114997
261.261643
293.887683
341.968912
390.163164
372.991587
273.17877
369.255423
187.098951
344.928512
262.883404
297.58196
407.117618
349.577662
372.340405
353.620679
303.029104
231.104325
283.608426
274.738901
315.042496
199.414217
300.040607
380.677524
203.542727
344.816041
359.863373
361.89795
297.848423
212.699901
372.675888
235.145134
255.83672
327.010163
314.753469
264.042309
294.695764
343.900674
391.224992
322.065596
303.513236
196.400672
317.222679
219.709839
395.36386
377.205968
363.219741
218.427909
320.637936
369.380393
349.822195
323.869072
197.59887
394.822276
208.370671
209.719054
284.511286
337.574906
225.055201
158.511364
246.217775
194.481974
403.750342
295.69628
338.379563
383.373825
274.144549
343.980459
362.26012
319.398833
380.270921
332.189304
163.284518
292.114806
297.365542
296.828065
158.566221
390.286421
387.507527
356.26575
238.314327
344.772499
357.310905
390.013089
316.425932
386.871572
296.551671
240.428831
228.288583
341.467992
360.228086
349.569848
309.583247
313.347515
387.759724
297.129067
371.433972
389.691368
180.857657
273.547335
331.514627
395.734673
253.967043
228.677015
326.020966
206.023757
382.669585
259.000139
162.891301
222.123076
337.15826
259.049015
301.702752
310.599042
198.968581
383.839284
307.643997
284.488978
355.142243
288.725992
352.429376
405.074681
345.258346
378.141763
362.689324
219.647498
288.165257
349.547575
296.196232
359.814549
328.058821
388.673945
254.039719
403.210483
375.100931
266.734187
396.250794
383.421372
223.03077
264.452596
293.154672
320.921462
406.753369
290.822231
182.98315
213.436547
347.686125
379.809696
361.496681
335.741881
237.235666
301.365629
190.447279
394.754033
200.80475
298.283618
383.121993
402.020316
199.663529
263.327639
107.403064
206.699402
378.39357
342.429459
382.621328
342.57468
280.81507
366.248895
373.763834
191.2714
262.303692
284.965818
405.855234
280.502489
225.994297
294.18071
355.85192
384.71745
338.606059
387.405667
158.712601
346.467766
212.280162
300.06728
169.449275
329.605756
181.949481
360.498851
306.428866
293.817853
340.824657
385.045566
372.03238
384.994951
259.307006
208.793463
367.538239
301.069493
379.981588
314.933525
382.675944
374.109425
326.022584
343.49747
247.475445
218.652574
296.618415
152.029362
407.784558
291.987023
234.177841
277.455661
305.526045
194.004307
393.620922
146.163445
280.890059
355.797902
244.783059
393.908105
311.166993
333.817778
335.153118
304.160196
311.132989
398.973312
318.257963
299.246768
319.285256
219.911167
371.206871
397.252226
395.098106
329.293364
316.538947
379.923918
293.775074
295.862391
312.706697
382.77941
302.680377
368.222281
246.310074
186.701813
308.806927
271.31015
298.643825
345.988744
242.228845
306.421897
384.229321
402.134758
243.507581
271.920165
247.458073
376.668188
287.962638
227.612015
395.222564
295.310724
403.674156
343.029514
405.665511
327.08934
396.344418
209.731703
228.917894
379.104963
393.982384
296.697187
307.123665
303.857159
377.494925
192.818085
399.277737
396.821056
376.283435
343.503736
370.355301
194.014906
290.421884
375.155218
305.128574
230.52686
367.074286
214.735088
319.712536
192.010841
330.26515
266.92951
200.23559
234.695858
377.174107
284.167469
381.47896
332.586869
183.84596
162.42192
249.034726
389.50398
194.766651
283.753639
102.888809
314.695116
405.18777
212.931653
368.513349
322.791283
348.062604
211.938962
338.783376
274.077469
370.208129
408.931927
272.537336
354.706055
357.782346
175.124682
329.04689
345.60134
248.340394
198.066793
363.914879
215.287325
311.164592
234.954618
211.52348
325.726356
354.520991
251.103673
287.410189
302.176672
205.083519
233.660566
258.050796
174.190829
212.030207
384.781674
405.055265
167.848141
224.920399
385.455881
375.222554
257.882569
349.205178
394.821589
276.450612
233.299665
203.496308
310.429915
184.324429
322.023521
324.632034
377.853132
343.662956
355.978803
376.423983
319.841016
302.379867
186.966101
369.055959
192.671946
260.230956
257.780038
387.524275
395.158329
382.936918
372.495737
399.627484
220.22939
297.01045
354.285163
146.50834
235.90133
352.688995
308.116656
383.679532
284.293023
192.917082
217.398834
374.04326
359.263548
372.027631
189.764274
288.220643
298.404107
156.531958
341.266718
343.781507
294.262285
282.176049
265.772143
188.863815
257.924652
340.896426
249.449628
241.984287
148.566819
332.729326
249.391092
388.45045
162.150991
312.2606
322.968492
389.28545
382.53301
379.285726
306.604106
256.609468
329.600143
375.672185
393.483665
290.380821
404.902484
297.91662
354.160666
265.43641
189.590451
302.344079
371.34673
146.914503
361.246544
372.100367
212.816616
297.658926
259.747301
227.873072
178.754469
304.29303
384.651746
299.426318
304.245288
400.467079
334.387979
290.839663
302.192667
376.868506
300.417493
328.403418
392.916014
293.554464
322.369353
362.288037
393.412593
220.927387
286.226433
405.64623
404.098154
329.162939
397.722031
370.101992
244.255679
386.450672
207.015823
316.041428
395.60074
