Neutron Energy (neV) - 100000
273.695127
271.745871
195.101191
148.51171
367.843239
351.175672
263.82468
169.661181
345.413729
274.218264
312.363984
336.284637
386.164379
333.602443
368.141001
397.65063
209.100556
293.301577
265.312346
292.10361
239.817157
328.411827
266.363264
370.678865
179.692273
325.155772
302.303544
226.664247
358.922145
324.144871
387.223874
304.733984
376.02189
347.610314
250.484401
282.298783
213.211544
270.249509
275.650823
200.212065
165.813866
160.680398
326.645676
386.883629
400.498275
245.317432
382.041619
243.618407
158.747216
326.959085
218.830394
298.75111
329.396555
371.507317
169.443866
381.827444
240.502773
259.184864
224.525098
400.063614
399.96484
336.514265
338.613138
345.099149
344.10337
128.52891
381.407649
97.205787
215.967822
279.284367
407.041007
349.717641
383.018983
379.902647
290.50733
381.73259
227.233687
248.72456
273.226614
304.160991
365.696475
333.643746
243.368839
342.063268
406.088508
257.700039
203.971504
251.285995
265.310098
307.966517
232.879783
240.927635
344.209514
316.064489
386.167664
291.304413
385.238905
164.711911
331.550295
292.521064
248.886978
349.292252
339.989019
401.747905
256.505559
386.735685
398.135385
168.365258
263.702327
299.857255
377.396694
367.505546
286.341945
185.645703
169.042865
363.759859
264.917745
374.949121
333.097636
284.959513
377.569374
332.247984
219.408396
183.328807
387.740184
348.104231
371.643043
251.963289
390.24657
319.635981
325.223892
143.869945
319.696243
323.330054
315.436932
313.598302
308.702838
322.934082
282.186494
385.959894
370.477658
229.413816
294.934684
376.904587
223.084966
362.589499
223.026366
307.389276
307.913137
206.872128
296.910181
218.634026
103.315462
321.068221
353.755079
378.078643
254.527371
245.323971
269.401054
320.88638
174.554437
398.634127
381.677899
337.044036
332.001947
392.639492
332.244825
325.396092
186.008641
161.109903
337.889726
295.195991
273.80744
328.192307
271.162361
384.799659
377.605757
374.17848
339.643264
293.4427
249.404081
252.112903
292.591113
265.084413
192.499113
154.697041
301.498316
192.1056
252.488596
316.713265
369.03734
282.50529
149.13404
352.468356
381.271572
341.963134
373.666684
357.131624
314.327689
340.016355
118.400926
319.845691
389.820356
273.855783
251.877251
307.281665
281.29295
378.313488
370.981722
384.548832
305.545307
298.723718
373.300584
139.796707
199.767409
289.380707
378.263762
357.044666
238.636651
326.035685
341.423119
220.670929
351.177563
213.48171
209.312088
287.058768
378.897354
219.543434
316.706145
237.019995
298.032862
268.234718
290.671802
400.445242
323.260624
270.305917
401.19999
326.581304
269.567713
403.640119
378.453145
399.376916
308.954505
266.324319
403.151954
392.844377
319.839534
285.056397
233.114274
408.815677
342.669189
339.772906
328.157012
133.582647
235.579171
295.393583
358.451248
259.226262
297.137208
322.821451
362.041584
314.889206
311.140863
253.722175
311.795634
176.054601
205.007784
295.691141
256.792589
212.295303
368.599
308.827112
378.156223
349.080534
371.234745
329.822613
369.847225
279.850901
346.895178
388.887961
405.312345
271.743576
274.522653
308.237079
320.094388
261.929559
318.020421
236.024472
373.241402
339.253223
317.547381
392.472606
365.336682
380.854027
197.097637
372.14308
265.168415
261.595839
389.353959
383.557973
300.386901
274.983644
368.903446
378.197364
280.654454
220.117807
386.469792
311.211201
393.069705
342.117884
258.662551
365.447074
397.523517
310.477932
205.922071
248.886999
158.83429
362.223267
343.358268
379.496736
258.12808
318.93256
246.236184
402.023124
316.181058
384.511275
348.133361
397.910972
225.475867
405.10668
377.010428
173.765368
386.802955
236.329865
297.720115
121.075881
383.773944
353.670489
408.637196
307.500892
274.736213
257.772251
310.401772
343.051199
265.643005
335.806388
373.139556
376.281807
165.09744
394.804943
353.852581
226.239589
354.059106
212.907224
344.013976
335.032908
207.667229
377.607931
372.176316
276.85438
288.596196
321.696988
342.468589
347.060872
284.382957
340.656557
276.338774
372.429386
273.943748
320.313288
388.649088
341.029933
339.993608
290.173951
362.765113
203.582728
216.433846
234.755841
320.550253
328.582787
340.711035
403.624069
322.071508
304.757475
293.653227
374.419571
392.784851
280.895695
286.677362
305.047851
387.488042
263.218126
355.789111
343.2961
304.950569
370.807979
370.660934
331.35738
356.769458
357.898825
363.396036
383.123456
280.978746
256.70909
266.814107
199.12442
407.728854
380.956842
383.82245
382.244177
309.709968
366.594853
309.695788
355.643858
262.065261
329.411814
209.773065
353.766313
251.732192
139.404148
250.011672
328.485657
267.145197
366.72
405.53282
323.936722
306.481316
404.490459
296.174731
271.389641
246.44476
261.748259
400.037865
337.743394
404.619856
217.488812
269.496478
328.545787
386.69181
278.807139
403.009261
314.233534
234.677151
350.935969
233.521241
360.776662
231.180397
313.050271
257.172748
379.730929
362.455847
402.632345
333.547927
367.392013
365.095678
330.11814
345.103723
336.845271
360.162502
315.499349
224.013134
282.46627
321.258818
392.415543
339.419228
405.402977
372.152575
392.62851
372.461153
404.33803
363.293643
404.292093
358.737391
243.652456
310.886026
196.531387
349.185937
288.295138
368.782974
381.912363
297.895669
289.683821
390.272866
295.295576
405.537353
348.099502
344.961224
301.63339
312.060505
181.083083
384.671667
400.547965
365.934991
359.517252
362.788671
369.583394
372.334516
240.359337
320.646242
326.624033
310.809629
353.619239
255.060041
188.35113
373.262948
344.746855
259.41839
397.402296
108.655489
255.207498
261.17854
312.693516
305.57169
254.539527
267.945734
280.177319
207.475149
390.857335
237.555299
280.990124
369.213741
221.474519
248.834962
241.257956
249.494987
278.731691
264.517458
163.525613
370.363774
373.518608
306.074679
336.614107
308.962665
327.545667
266.663933
380.79784
364.385363
349.285046
347.695423
193.500687
262.605351
232.311722
278.274376
364.669541
333.186478
183.915112
377.772005
280.191879
293.441662
282.869671
400.20047
315.010188
283.105968
364.270001
332.789094
236.941519
377.469065
315.97324
246.336524
264.053815
308.014933
374.961374
368.063993
193.464118
290.234777
305.878926
278.833346
314.543392
370.016367
343.787208
265.609073
403.796761
324.654579
233.723376
272.261787
324.6722
210.98272
284.519326
332.300421
342.159484
309.073107
272.549375
369.92623
363.016054
282.858701
323.250452
349.27984
367.651262
333.671512
324.786574
355.111221
224.676421
381.158917
323.208612
357.786188
354.20087
273.58984
223.909482
366.452012
284.445799
295.598709
153.110029
294.350465
377.127094
348.29157
289.608028
192.179695
372.667358
177.449067
260.276321
240.099863
334.371895
404.393674
229.364272
358.183385
382.190711
358.932042
406.276199
378.589272
256.68377
369.240466
310.670245
384.563687
207.104684
332.185104
221.268156
398.689963
403.171933
242.353948
406.349481
340.894035
285.302412
371.585009
226.6505
313.993586
334.651762
362.119859
325.508296
246.899861
238.502188
314.105481
298.842661
190.205777
213.031191
301.117389
276.11409
270.823475
172.051169
365.131209
363.287141
348.538601
257.623057
310.531756
284.755019
333.759801
299.368597
373.578147
288.557986
256.1098
231.780179
373.95229
391.64343
408.407147
245.489559
405.258424
357.455449
188.65789
377.4951
371.223165
199.488463
296.669545
314.093351
312.705921
294.401674
277.483571
288.530116
356.135812
371.637785
304.677418
322.021395
390.489363
302.189684
181.482542
274.849391
388.361279
396.24606
152.045351
364.264735
288.281385
340.282207
391.434179
258.534323
390.499418
322.989936
269.360514
336.77224
287.111475
245.43678
317.432974
337.527297
378.504369
198.905261
369.914513
293.096523
224.271607
317.819944
321.632244
306.418304
235.052002
319.160506
244.634887
239.704618
244.307433
221.756169
382.356772
338.726546
316.604373
357.778837
295.016164
359.78946
238.563738
349.491984
232.170769
366.153574
403.324131
138.582581
359.690248
332.921817
296.320959
138.303086
376.955013
323.231034
293.563318
353.171464
218.775453
310.861087
305.266708
222.28273
386.149461
282.083601
292.956702
316.462001
186.335707
360.303572
365.547663
204.386601
408.570837
389.065423
386.400613
210.305733
289.36083
363.872283
331.291738
323.227968
259.191123
297.788538
152.934409
300.888771
334.889435
268.435265
278.809314
374.647864
288.479537
368.096536
286.887529
338.087896
286.154675
280.628271
362.166521
226.690087
286.942485
269.217814
239.521704
177.656432
335.870657
382.041307
186.623506
335.688325
272.872312
313.858974
242.842192
309.338799
236.406774
345.270866
236.533905
281.69605
375.439143
267.872558
292.117459
241.618358
356.910026
251.198532
279.677313
244.609865
300.908369
381.182205
326.664051
302.508796
308.622712
306.756503
406.723276
186.74783
319.53392
344.743838
304.078419
218.617767
404.555906
389.986872
214.335859
377.192403
250.02478
240.444952
393.111089
351.877486
329.870762
346.389477
268.348095
367.946637
372.054803
377.369756
262.432911
384.263446
380.393674
318.380197
319.611389
405.312585
390.075986
189.232947
352.519709
366.247629
346.31408
265.456767
179.525772
371.494818
192.654682
240.145679
344.025143
301.993274
272.649842
314.821925
242.078634
281.217994
405.600068
312.302784
213.981006
388.337532
294.736703
317.461757
205.702064
400.452275
190.704513
280.614982
343.304063
394.092656
335.630922
366.917537
350.133085
242.704411
325.501753
383.957607
369.220801
322.340803
287.567329
335.041757
345.272789
368.339265
403.520918
216.980931
300.294253
292.223534
294.731994
398.729138
297.466542
214.106487
236.506457
310.093258
341.287404
334.411945
289.318298
229.988208
320.334186
364.096641
374.415887
270.566017
187.39906
292.755773
392.488702
266.597397
135.13897
334.552716
370.879464
320.286474
287.930765
301.854193
315.851832
345.880803
265.784093
269.994406
329.15249
323.497451
323.624601
355.014694
304.060893
307.035403
388.760253
293.475722
369.709312
312.510035
403.984128
391.597302
249.053885
391.249479
141.764858
320.945399
357.901285
375.879017
353.990569
215.451795
327.248453
217.230872
292.333071
240.09769
321.536228
247.271857
237.12836
340.080861
326.386491
301.057542
354.714005
295.869545
393.268412
373.609983
219.833401
398.590918
294.058694
353.272238
340.384542
222.795814
293.731774
346.968901
310.325118
388.914671
298.611746
386.958199
330.236247
399.172584
340.764981
251.736477
303.515038
290.822359
340.014483
270.339039
247.561804
327.735501
313.906762
218.956019
250.494012
372.513054
297.951815
321.002515
229.304114
319.83797
293.294004
372.572971
292.170304
369.173047
257.217383
352.814227
297.223649
299.187982
294.2531
239.585037
248.670515
373.950713
343.219671
379.999866
404.331311
123.720984
340.95213
279.60179
219.190828
296.345561
254.024834
352.085805
322.569182
327.948619
168.600215
358.167196
342.745549
274.121018
389.846183
220.792588
400.539524
406.290694
212.165688
396.067579
271.678801
291.886003
310.394242
220.924723
259.723458
262.359042
323.449289
322.18457
220.167229
340.722317
317.399376
282.781488
396.355809
341.371144
287.522961
351.343254
399.696264
391.648632
302.456284
407.54314
341.536834
268.132555
219.134832
236.414613
349.576371
385.359163
357.162845
350.885807
210.742019
305.63876
340.01053
311.274697
348.598367
305.969481
275.383081
368.982359
300.171347
311.619392
314.078086
266.022215
395.078137
217.740038
395.398224
264.769358
338.698334
402.362057
343.564051
297.025775
336.618759
223.231975
179.796756
185.793089
177.024318
297.684664
333.325774
387.004405
307.773412
311.002546
358.916539
392.394482
178.924809
259.916893
194.45868
291.772396
401.431267
347.797783
255.194084
358.562839
201.652372
336.644225
354.435071
285.583268
232.113149
214.750621
378.856286
382.07823
321.10069
360.946787
281.051942
208.319725
386.941348
367.963941
318.87216
382.863085
337.788264
264.659176
394.548714
406.31176
371.657408
246.914761
305.569968
308.154385
210.337864
406.248809
261.354858
337.812766
320.645377
209.961501
403.889041
312.57422
336.696925
405.303724
358.316158
266.810941
292.853996
376.526034
166.511665
369.43583
354.453058
327.76858
277.966836
284.874478
379.386298
315.331111
375.276316
241.126675
182.545185
394.329877
376.588474
392.605223
378.994236
236.449908
348.289655
152.411754
160.630465
172.477051
356.91351
269.442766
172.169344
140.831445
400.68806
135.482529
364.519805
274.573694
274.940176
342.250013
298.404548
160.940193
371.898835
243.583508
396.821062
375.269586
265.128078
321.649111
326.871973
400.258821
391.443343
239.875618
207.334658
382.071448
385.827924
360.216617
386.819663
352.193646
277.151096
343.25531
365.780562
284.253481
286.486669
388.385358
341.564107
243.994357
322.231727
407.289156
119.569119
223.183759
170.021657
376.437497
268.47391
402.555961
388.265041
360.395605
326.411272
306.819533
333.507189
332.905676
401.372819
195.408228
310.821983
358.752751
377.261699
273.674034
226.688959
370.993431
312.25884
282.057179
263.423616
372.081787
286.724235
322.902887
292.107016
318.113139
279.50478
270.027121
355.353766
346.746867
332.996951
393.084204
362.957289
392.971018
154.454711
345.068404
338.313414
201.3821
238.087729
230.51927
181.777797
254.156209
318.094682
361.730001
368.002841
373.632539
274.781695
301.168477
403.433942
379.24122
316.813344
304.426942
383.225647
303.50233
291.635521
282.512926
316.129344
311.07887
314.841094
305.453218
282.84737
298.497657
364.165244
275.815145
355.006763
305.531701
350.81468
208.543652
320.648052
231.585047
267.892776
238.955013
221.866169
273.795069
200.736952
331.493746
157.402963
263.64687
385.286685
341.855563
327.697331
358.906034
162.028339
401.203299
346.888489
332.388514
265.223912
301.276762
227.957777
389.898881
343.016172
371.927253
260.119297
254.264303
303.157875
245.765009
402.513939
379.773568
330.288163
401.818798
198.911874
298.92399
393.245485
276.389935
276.337096
193.303179
218.302757
223.668923
227.839583
231.274807
222.448382
252.829225
233.380294
122.723335
182.807465
277.300405
384.300325
307.49424
322.449883
356.372285
361.601053
238.118282
386.766434
308.660893
370.797623
356.990474
382.8901
175.689825
324.526834
375.976861
338.569252
233.138598
373.516203
176.108355
196.11668
278.656324
330.97836
355.088751
202.84139
196.142382
387.682972
368.622837
362.896161
288.480229
329.053779
295.521276
392.477678
317.381823
352.131053
171.118515
333.384527
396.830748
306.337424
268.537647
382.120227
342.684545
370.777657
349.731788
161.368877
286.528321
403.884186
182.322806
368.536772
406.134435
203.780909
382.085168
312.869721
323.598034
253.237867
182.055948
219.519316
153.265151
330.467371
361.699853
250.489064
397.243338
295.027058
399.439744
271.807335
269.349314
136.672016
146.320161
266.596658
292.38055
352.645933
331.561026
390.498724
348.292457
359.568338
363.760838
196.450882
400.644483
189.171322
275.441497
247.10201
373.707186
284.761811
324.072794
408.239858
312.291207
276.918662
343.203254
304.125135
282.866986
366.428707
384.466549
386.061845
342.581891
369.652965
156.329727
194.32885
395.361305
263.910653
342.79889
393.377897
275.688495
251.039818
353.200092
367.890457
264.283775
357.866532
256.588341
371.936009
240.975697
284.95322
391.163608
332.936551
342.077958
271.401893
335.57075
297.368571
328.062499
362.11392
277.878568
385.133342
391.131991
290.809975
322.722357
350.583618
380.33715
386.120328
374.826106
350.328096
190.71523
292.420076
154.475088
171.798567
300.229833
320.737586
355.259956
219.945708
371.634233
287.624633
406.85015
341.662353
218.063139
306.424897
382.021574
314.599505
263.648819
258.905968
349.083542
393.248945
235.597297
330.01963
330.90566
322.17129
189.386838
284.887451
363.414048
194.049099
348.327971
365.870675
284.674069
401.811939
328.867592
305.68265
223.712532
134.403342
378.75985
293.808006
289.898603
303.385017
338.549958
215.580395
324.052138
391.508984
216.609994
304.978731
303.913809
317.411093
291.171361
338.793649
281.255685
162.652693
392.139564
226.808737
304.744436
403.439202
384.936026
366.887273
363.679402
353.696103
391.904491
369.666498
407.547738
322.261012
228.390997
344.645852
348.66982
257.699045
399.353279
380.769458
284.045916
399.390413
185.566134
341.229351
220.450029
405.952153
384.345622
334.081968
259.508726
384.99854
245.361795
332.370897
401.309576
404.816175
276.686406
219.971927
301.663977
382.589902
400.376614
323.664009
228.800777
239.234133
380.113503
228.758887
400.641785
324.894873
230.254262
332.688392
325.803914
265.473951
225.642376
177.310975
381.250777
405.562339
380.645621
386.017348
294.614891
251.805841
358.145344
398.944272
341.445528
270.535447
361.833253
202.131354
352.075554
308.87961
327.027458
294.298103
363.455876
332.150393
355.509155
285.838582
353.471411
346.257177
334.839726
327.509121
211.741871
300.471773
150.924966
402.107447
382.743779
250.310943
280.88344
354.440737
367.999366
284.76832
303.671063
193.845123
392.784367
351.115454
366.563388
356.022848
217.112355
358.90425
405.88574
256.532109
225.571302
228.914385
316.224704
377.472753
390.446194
329.401271
398.009765
375.256876
132.130331
166.707508
353.820971
325.695329
288.936476
225.708585
191.096744
325.711685
302.88736
239.683183
306.315199
311.108756
202.888651
217.934713
284.380486
288.092383
248.569846
201.114554
243.123725
397.845379
202.085111
164.581846
400.761391
333.956677
276.326066
374.347307
405.015652
392.668827
301.361833
395.359384
263.660966
215.719321
302.983645
276.987322
268.806291
397.987591
319.714714
397.203052
297.584987
254.318315
259.420569
222.616716
325.041921
313.304163
156.477178
135.490529
284.788652
338.202746
255.201862
360.636096
367.53549
370.871117
356.448719
155.775238
385.948497
330.055156
324.603629
204.392015
344.850854
373.312118
148.165098
249.531991
192.519658
185.516262
205.923464
367.477339
369.134386
322.140814
220.025548
264.434481
377.112452
235.729213
342.746575
349.911433
357.98974
271.185155
250.006175
372.744398
203.646916
202.915364
395.256243
312.879701
330.706455
269.358086
338.797644
230.519636
160.264617
356.286134
341.62184
392.560131
297.397634
371.890624
356.577208
286.278283
297.54952
299.430953
127.91242
397.406342
281.653421
329.364837
392.036296
350.510085
386.459077
350.502218
330.979324
389.627235
367.71367
312.704484
266.346081
289.544522
275.468071
219.992845
361.610789
226.0159
357.518614
243.801821
261.289838
385.105949
375.136445
389.470729
289.986873
306.307786
382.115317
321.817299
311.488022
288.157056
289.96143
271.33817
327.06968
330.472165
379.94135
287.426537
318.823021
227.191657
332.022984
341.993759
273.011573
185.618311
274.757334
250.053857
330.402344
311.412573
228.346033
130.031199
332.088957
318.113786
321.195645
352.591245
188.147159
403.428041
161.717984
320.538802
297.059734
237.73044
307.386133
210.163648
406.647103
214.675957
305.469116
314.860873
240.800011
268.769655
362.264167
237.977433
245.274587
317.219344
406.479747
260.49059
375.860044
380.720325
403.852235
384.563848
365.774942
189.893444
308.238101
309.812741
290.019066
256.87185
259.059833
321.355134
344.287352
399.855726
263.332685
397.956596
405.781594
320.448803
346.554835
344.341015
377.371434
305.23954
155.937636
347.615965
174.410273
384.440232
405.544491
346.275576
277.86575
282.182073
370.180119
310.069205
295.535414
355.701525
262.218555
261.104056
351.871661
252.047667
346.97275
229.974981
384.288544
391.240237
349.431021
310.536457
358.443206
326.367097
339.978379
351.754729
388.836419
264.766738
185.111249
205.499123
381.337662
283.24029
383.522035
304.218862
255.841596
219.005747
375.221938
120.835215
145.850411
254.97321
285.878269
266.946994
318.816791
233.898373
291.339068
252.265586
257.096697
158.11122
242.78043
276.486101
323.026794
360.060773
369.641476
387.278913
311.74597
318.221374
280.510096
276.949117
309.679893
313.901588
306.753702
397.956194
166.531596
386.481835
374.662353
313.293985
335.21333
335.6214
390.718253
391.967319
364.083563
364.545564
196.318276
321.86529
383.525245
231.999018
384.37658
274.53976
290.17001
317.983092
361.34708
359.751458
304.570613
393.942606
350.860924
406.187504
304.089452
324.742256
277.715639
291.904106
253.740574
373.182348
202.284864
340.827034
357.507246
308.666366
407.815766
308.445043
153.230681
404.49526
375.329348
405.246068
356.703768
288.056753
377.028933
299.270589
320.137418
190.945202
300.415973
197.286687
344.11101
208.410032
397.256927
385.974584
312.309529
407.303386
188.137211
331.23385
242.333698
225.963612
386.253736
312.840851
369.61345
381.607138
285.192247
259.475607
302.026568
384.12753
386.321695
403.661794
272.663702
256.792811
357.518354
320.925884
358.752154
283.288746
122.422206
308.638947
315.589392
345.466619
333.203532
274.632558
341.488047
255.160732
406.637347
286.647912
264.21146
369.328229
223.925331
324.712976
290.237119
360.898638
367.488166
400.633109
381.856589
331.117616
226.918559
278.766404
367.895078
321.669671
265.033029
200.434385
396.916773
309.082875
214.904017
192.407682
208.833299
192.601736
256.793079
393.414757
296.156872
188.459039
259.780727
294.901386
305.359929
264.639958
317.147618
399.005133
268.557436
306.525755
335.544344
295.010031
286.351649
371.317096
336.924142
245.804428
405.973414
264.3563
396.971685
349.211272
323.332486
312.777507
154.417371
202.731202
215.303045
391.948041
247.295176
405.028948
316.613328
210.943127
328.13461
249.836822
255.142169
331.842167
336.422076
400.970926
377.101252
304.882168
384.366264
356.598914
380.505448
330.635732
227.519817
304.500142
209.055228
175.26666
258.495912
345.122964
339.39181
378.994974
262.347779
315.694553
300.195406
333.407297
319.285354
361.885288
362.486841
222.408393
407.874342
350.173926
285.514661
270.689441
258.212208
348.717435
340.704495
286.370202
293.766485
369.10884
337.620347
401.269733
319.276802
393.759307
282.007408
406.495764
217.412122
405.271651
209.797979
370.542504
215.381514
350.236297
341.436281
319.576335
307.716893
310.258245
365.566435
389.425278
330.438662
262.394713
397.518834
359.327736
223.635776
304.710574
376.465109
353.124945
345.018333
173.993462
342.483196
274.037974
203.805372
374.070635
259.77071
238.851288
346.088096
312.805343
401.58172
361.69363
179.277392
345.992641
323.665435
386.07923
385.946711
360.615408
277.85404
335.728659
331.700588
194.805701
311.510934
372.790418
242.939002
307.579569
293.81929
368.188344
265.921478
371.54388
262.486043
247.773877
396.558474
230.819912
339.268548
332.508732
261.410229
398.872169
371.034801
399.31571
285.749464
286.02309
320.469841
323.179485
155.194459
299.266369
348.474756
400.888061
168.181417
325.566468
288.200471
201.03004
212.076945
352.200874
124.597198
333.781462
287.033104
315.090588
385.11542
188.159371
181.531146
375.064247
236.75275
379.487755
169.745321
376.301595
348.556902
269.303459
391.351716
355.741991
348.172149
252.737643
263.628113
360.595624
118.109177
387.357641
303.333014
252.286494
405.128953
393.249138
219.865459
235.447969
404.822608
370.92228
281.663381
249.407626
386.117929
227.397501
264.935509
145.346287
318.217038
327.794343
377.937346
267.136184
141.379124
200.578129
307.37837
311.053157
330.3543
238.150843
272.537923
356.962881
308.399952
350.507138
393.941354
257.096102
198.846478
373.955964
301.578574
305.809449
403.721066
358.581416
359.072182
295.898272
383.064232
385.386487
350.557293
205.397639
165.257045
343.923678
326.748333
404.995737
407.285611
272.343386
331.870392
307.366516
215.625152
290.337764
342.394252
314.556956
224.311878
378.25917
277.607668
339.327523
205.993905
258.231971
347.92791
376.109754
381.577764
256.082856
347.430989
160.818653
330.711764
278.959254
162.869571
195.952409
404.147416
281.363316
196.557612
235.263634
243.677911
275.903908
244.138609
294.31922
405.159494
249.404576
337.575723
252.610633
390.770988
311.651458
323.619317
337.627145
392.080009
383.150095
334.592234
311.433637
389.64617
313.318439
358.820183
389.034942
218.965407
303.268459
397.381741
308.747476
318.397348
365.072555
198.092335
399.349979
400.804169
317.424228
180.922132
329.165878
349.876501
372.67938
361.420179
377.126731
381.708189
293.754621
327.619739
392.590365
308.988171
180.516028
306.509187
318.788126
284.769191
307.617431
214.408312
331.25353
348.035019
279.65805
374.999481
314.067154
345.260522
374.253063
292.70427
329.421611
377.588424
226.089878
401.008765
280.861832
401.74746
359.182702
333.380563
383.106922
282.991997
392.444087
315.800539
280.826095
312.697402
250.221728
377.911919
299.102832
330.145295
340.585206
320.018424
391.364143
318.085163
395.500677
372.306498
296.960105
388.334035
313.368527
317.23866
307.613927
196.046187
299.616939
271.777464
326.761842
385.519997
301.739897
327.826544
168.75882
258.453842
284.963335
318.731825
255.512707
364.690435
286.651166
382.716719
334.485544
238.663434
277.637265
209.758897
270.673516
243.56028
333.24487
256.906743
358.388286
397.932652
345.178767
374.188781
317.858985
343.15301
279.744087
297.183389
331.769686
329.25428
219.153287
289.881159
395.581152
348.867329
180.90814
329.718978
314.696062
245.049185
170.162454
204.609733
236.823499
307.158787
361.719339
371.164179
362.368564
130.70245
321.254228
279.672933
366.944626
184.140199
365.343601
253.460748
314.558227
206.220754
317.231136
308.22842
346.664428
401.825503
290.707933
282.327663
271.742308
281.837986
337.649639
277.769326
407.71398
291.172064
293.400512
138.179964
187.269332
309.767834
373.794868
216.407111
326.832981
268.602641
333.128964
339.697609
238.915021
168.084209
383.872892
238.384523
130.165364
357.023983
364.990661
328.817494
396.636095
314.472561
367.186815
332.534379
371.785908
387.701129
378.120749
297.99831
290.754901
377.423718
307.062405
399.917236
360.896864
253.441948
287.207419
251.468687
383.377962
308.800999
312.400196
396.485
356.513107
323.015163
266.565652
329.734126
216.142848
368.61503
335.449969
371.952282
374.573753
406.992045
335.575691
389.468413
312.685018
355.760677
402.833549
276.365334
325.441811
354.268018
371.519524
390.963668
213.175433
351.475259
300.049678
319.824761
359.724504
135.409971
319.693956
401.716333
385.752171
358.644726
326.973193
395.35196
322.071738
275.320967
336.643665
343.806542
343.358454
281.338807
362.175483
191.655768
330.414
244.890367
188.914065
409.420238
332.703021
320.337655
369.419555
356.492229
378.849561
228.129246
246.318517
292.480301
403.440613
406.360708
270.011938
197.156868
339.996
393.263892
368.036397
344.411943
408.325783
329.221196
271.956787
255.765733
167.482856
193.128651
354.525453
174.042586
209.201058
373.939524
359.009606
371.485079
231.606276
369.051169
304.333472
326.679512
327.21608
331.060076
388.327064
228.606646
340.391626
341.580701
376.845377
300.313214
398.76432
366.720022
383.699519
152.871946
340.733145
248.397086
403.071703
313.458221
363.902052
403.839968
405.194632
365.821277
382.591548
201.006778
334.879195
362.094176
284.524167
197.366071
314.933061
313.143094
340.38383
380.246083
331.939878
233.010795
302.512336
290.035628
186.209039
381.929491
335.295346
373.491403
286.874585
385.362531
368.667229
137.233388
302.165399
379.559998
242.166218
324.999611
318.073607
335.803735
318.523349
396.603642
390.976425
406.334493
319.807409
355.183254
349.639145
266.666236
356.94298
396.459961
322.163197
329.021914
330.547166
338.607351
280.904902
329.680034
311.320508
244.745871
247.332393
375.469224
362.77139
160.489321
394.109281
296.624454
384.375183
341.099714
278.170833
325.895877
205.269927
202.547715
118.345476
365.116281
246.659847
312.516214
356.779606
325.077592
313.515415
388.84889
319.722825
382.621073
344.14782
402.50678
363.52334
407.616069
298.813948
222.355147
382.942349
196.836083
402.860939
393.469768
285.161459
208.631505
353.845485
251.345167
346.422399
390.288457
202.524777
239.62211
280.995276
290.729585
397.152412
327.85126
353.328724
270.750478
292.857914
343.152337
296.560484
282.063537
296.608565
244.646891
393.843122
394.455711
402.226521
179.955378
297.664675
228.204135
234.490603
402.979262
383.723086
274.62067
134.669921
329.063792
245.664893
307.546995
276.836073
187.350967
273.99888
292.582184
184.00377
226.321847
310.170888
287.074506
293.84874
284.606752
380.991735
192.945601
215.773625
186.325547
357.495334
374.731682
314.483937
364.879839
307.795615
260.908128
328.971405
126.768223
338.910886
199.662995
112.26677
286.552926
358.088013
340.60276
329.434892
277.153243
406.205018
393.467443
385.394946
340.647385
389.860804
362.717335
219.259521
192.490488
187.291393
307.516737
355.290453
237.226986
232.446524
385.753208
316.510686
214.983709
220.817087
398.922627
253.348801
372.856268
311.024368
384.263555
367.305859
391.216975
349.900003
265.021021
242.620251
214.124295
333.239353
197.383021
229.82931
352.789523
235.766373
284.180766
344.28757
340.835591
341.90119
205.521081
352.82527
372.355905
293.139467
306.27208
203.987372
302.695786
393.952804
301.630484
210.20738
353.988419
210.476934
302.17324
391.013784
280.589562
315.661445
341.444211
357.371247
374.572782
333.743289
302.572407
238.072867
328.823955
339.290438
396.609066
403.368783
362.083743
300.79713
183.105037
385.087692
296.809808
374.774888
355.596003
273.208032
316.64823
220.797855
364.68829
369.828685
336.775167
230.79603
403.207421
296.745812
404.384159
348.276089
259.437642
234.110054
324.752296
315.489735
405.796669
406.754076
228.175123
346.26897
245.211549
266.068176
337.757533
344.713749
333.856992
296.370652
356.192223
349.939007
374.260603
404.088432
387.748788
386.244559
349.976663
316.6539
375.928958
202.197009
279.357695
367.777346
387.546499
401.656065
388.192513
340.657918
229.577524
372.76608
354.943201
304.952179
291.189457
225.895235
160.548099
288.298722
285.979164
263.850699
302.755842
335.562137
353.09314
269.171795
239.069325
381.849428
222.810567
334.760739
378.255124
134.73566
385.1312
350.092877
267.959751
248.967629
205.420313
265.68399
395.050643
392.657661
350.32082
220.104852
318.079964
332.792566
357.175657
255.253925
406.321228
223.580384
240.239409
353.513619
408.817582
220.541621
339.845307
146.350066
203.51655
256.658524
395.610852
335.931062
319.519203
319.56868
284.368161
259.902361
246.855483
366.399014
344.124575
279.113804
266.808035
255.930937
308.867459
350.861457
363.336175
258.220926
406.550299
249.089094
273.231497
308.174917
237.341045
308.665728
250.295489
405.789911
407.835047
399.726093
209.827875
320.678269
359.161394
237.335816
335.291387
304.042186
392.321151
177.756038
394.709733
299.301704
347.090843
309.202612
224.939201
237.903791
322.101392
293.857823
268.26132
345.269362
302.845201
285.03261
285.651739
293.014419
285.681742
221.15101
296.320977
202.242823
141.500658
182.920968
389.100398
349.571344
256.717521
391.301285
331.140908
367.940349
342.468636
355.147849
405.971295
310.383504
353.699074
382.283718
381.478673
276.589558
369.989631
244.728511
355.951058
386.264756
245.628359
269.050322
373.884782
268.459102
350.449888
269.794117
298.487764
300.505261
407.320461
161.877875
395.395471
332.915927
186.991843
204.569966
403.376192
341.288607
316.917694
342.088153
348.612249
332.026933
243.07503
344.531269
362.593052
330.35604
298.616708
406.3965
205.251168
314.016971
376.210735
362.270035
294.200412
256.928299
275.664274
334.568476
252.305292
273.303746
362.118714
387.312725
337.115468
398.701194
338.921034
191.864496
381.726172
174.242362
216.677901
183.725894
320.681796
401.111216
227.085282
238.444916
259.189574
300.341586
316.77482
314.836231
268.126655
190.134893
367.352278
138.042951
383.215107
351.750328
394.523447
370.025827
310.841954
353.819376
147.996587
219.433377
309.436232
330.28196
393.707134
347.057407
370.647631
368.674876
377.140026
276.205623
301.628053
249.140474
258.652648
380.760429
371.256014
373.193446
248.416457
304.927741
344.408402
359.368855
258.815175
343.946253
377.425615
392.475244
371.424992
174.344868
271.60951
247.834887
293.027687
347.442491
296.849054
208.157137
304.269181
208.933407
367.004144
310.959792
282.418105
234.691425
385.896965
309.998412
312.245526
342.680148
390.231077
328.804959
301.831073
248.972565
406.223034
314.023009
302.859135
275.593372
362.490324
293.883878
290.155694
354.761345
265.022537
372.076843
387.429255
406.914153
256.143142
356.365419
342.484841
389.007944
392.74134
292.386613
371.746332
328.003056
324.255947
372.507271
275.016479
267.10738
174.963509
345.144633
212.389866
283.456746
147.545507
335.871417
327.31928
292.498839
236.781764
161.979199
178.007536
289.411564
215.712756
352.169051
352.412565
290.984452
345.480462
342.469295
309.751956
334.510443
267.189411
239.716269
346.356478
312.023695
328.319175
377.219402
341.878899
377.606011
338.601592
201.988015
268.530848
339.498906
255.289728
363.077251
387.373559
344.718892
311.789845
323.082283
239.426654
403.111679
192.967035
327.923562
289.258521
171.274437
378.69767
326.037054
364.916046
371.605671
308.242672
359.439384
275.484575
270.691534
351.270255
363.459936
269.846197
401.3209
351.184364
275.731488
324.326185
340.668178
386.900001
332.139827
337.902648
297.385156
379.169143
372.025844
179.51162
259.493982
384.001419
217.459262
288.48695
310.58513
335.890174
395.804119
278.508085
359.022005
386.101509
269.790964
386.886496
245.953265
366.059137
271.236793
298.528058
182.538967
384.065739
213.629933
230.433467
202.715074
236.518752
342.380188
321.640782
377.743544
377.792518
333.715849
395.035064
273.835726
191.031229
239.871999
186.935586
259.110079
389.604971
304.293756
378.658698
343.956711
168.900226
174.292008
400.567904
250.329146
381.389261
282.219733
355.443924
315.016606
208.621423
323.637859
286.355589
380.764517
354.697027
366.337837
358.469938
317.602279
330.810191
330.588035
321.263285
325.069657
398.046547
355.329538
231.642631
317.699699
251.468811
166.768526
257.708021
349.58905
318.425135
373.517263
337.603654
342.954384
323.554856
342.406844
274.453803
324.64058
387.367357
231.810266
326.046399
344.985399
312.956417
375.556462
319.206532
304.885966
219.455749
349.804704
170.121774
336.536866
266.502818
355.813354
328.895013
402.297377
344.088594
255.424985
140.745316
250.898562
381.369905
349.547275
311.598934
380.146914
405.491881
336.822685
279.160375
394.749791
302.113663
347.732316
339.121695
363.025809
272.622423
385.014956
267.439397
317.103336
242.914851
406.449011
358.281118
365.037028
280.3086
341.722547
307.313023
405.723593
372.172342
361.742819
266.44786
329.631669
340.895629
336.305085
364.5129
392.583874
308.218857
262.918511
370.976155
267.296722
388.645987
326.44852
307.912332
287.413229
243.54777
222.535971
201.131138
257.204842
228.441354
235.212653
389.06463
183.988668
328.407937
213.155774
281.479179
405.625908
398.229998
246.120159
314.498054
165.354388
185.014914
279.792107
401.035953
222.826366
368.38087
194.468265
325.036739
170.012098
375.154923
287.167986
360.195688
338.657186
402.172788
309.818994
296.170961
380.584397
363.366863
379.203193
328.00358
211.446221
285.502967
297.119733
399.120843
273.898792
347.087446
233.904528
395.922938
290.159163
264.706809
263.251294
402.972844
292.868549
301.388466
395.622665
298.039361
389.295719
237.695003
369.829262
175.502877
356.793236
335.627425
354.960297
293.618807
197.64507
404.567255
403.953059
353.102431
277.527956
303.542113
358.936445
358.396314
392.618796
367.927446
318.612124
326.504863
222.680334
242.954323
346.91782
390.745203
342.306625
344.077739
390.34003
384.116304
203.876249
307.795439
288.363761
393.642597
200.613497
323.486552
182.599385
124.598606
376.049362
337.201366
323.350412
263.41692
269.647048
332.909756
294.407562
319.56107
347.875774
396.033041
342.884884
313.449509
225.156474
272.479342
397.053889
404.135879
355.508013
304.759127
214.54089
302.213686
407.967715
389.137936
321.42108
179.654103
295.220907
308.471215
273.822411
259.913465
323.760267
222.473221
301.227457
392.65495
226.012198
383.685256
358.639278
279.982085
222.178952
289.680115
281.759648
403.363203
389.70586
344.716169
380.699475
214.330131
258.747018
398.13807
351.029217
348.375176
266.346056
348.250512
320.263589
406.496776
390.359249
240.03815
337.666451
361.000612
181.988594
385.653542
226.327824
256.161925
330.10697
390.002679
324.554183
285.629287
283.940742
401.893204
256.14088
301.978598
368.145256
280.719391
270.615212
245.935782
165.41428
181.311237
336.064794
336.233047
317.43081
222.496632
245.189798
391.817029
374.960736
314.854226
386.355208
348.506848
277.030572
310.551859
291.073328
338.126919
237.535928
366.498372
378.598514
277.682643
276.000377
284.033145
200.399556
324.633538
337.960703
267.789311
290.117196
282.160687
397.798404
398.377544
243.279094
387.770642
143.474293
180.35301
368.589681
404.282264
356.621791
403.245909
302.173017
200.060426
362.79462
315.946904
273.316693
324.317266
332.667037
329.754521
231.017603
367.098105
396.718324
294.004129
230.272529
346.45354
328.492647
302.952812
278.285373
242.54225
392.870467
285.395998
242.038797
225.372098
378.33052
252.31326
219.546424
355.64066
392.301206
387.62452
406.291572
269.060708
159.529275
381.755409
305.548361
403.268222
236.171013
305.992718
275.634304
330.700926
250.788333
260.125997
302.644484
377.382209
406.975327
383.429538
381.346806
355.419767
166.92647
328.05241
294.597843
319.736845
196.636006
321.597659
215.624102
312.840745
161.316381
173.390431
290.441346
249.317184
364.257121
232.695839
328.550727
148.558244
284.380337
317.295713
342.842836
117.719272
232.551161
307.134122
188.551761
241.075492
249.886806
328.927985
247.96807
321.471363
375.899045
348.533633
341.979224
272.954884
374.065446
364.055916
173.110164
356.336349
185.231357
350.710713
383.026523
213.120055
315.789209
371.636195
388.770553
294.492293
372.359862
313.335692
299.864434
343.033126
227.691771
220.432436
378.694246
268.465366
240.538938
301.579531
323.367148
322.421476
361.429536
262.748565
390.891959
363.221372
214.82744
237.226123
261.575456
308.519822
216.495125
231.959178
264.212846
316.298301
372.973096
304.845979
371.763524
359.286684
374.322953
394.34668
256.48692
351.066437
325.875501
264.585738
221.017393
330.902385
406.643511
200.438376
261.098343
354.034141
310.307189
402.958861
396.357556
247.452679
271.043036
322.338571
347.314033
385.572171
385.064692
213.305092
196.729944
307.153339
267.135946
212.248489
374.323726
195.978793
287.92283
291.961208
334.593621
374.711772
342.488889
259.027139
259.590859
234.635558
380.741763
334.150074
288.39193
299.14874
304.412205
290.601196
202.315958
403.452975
238.96759
371.232193
233.178946
228.873556
328.45977
344.605275
376.777463
323.404463
334.797793
240.002325
351.545225
380.136387
407.60296
300.66014
396.137877
283.882407
334.846115
345.526204
189.68238
175.977403
358.949978
249.394813
148.820529
292.050475
404.599348
252.805616
390.769482
282.992895
301.581245
181.458047
384.356869
276.901453
237.244575
216.629957
343.196335
190.973898
405.281409
372.546132
378.842108
338.515559
355.210651
290.994069
387.203994
315.111563
334.299999
396.257421
346.58132
246.268002
269.578768
296.009901
216.487626
267.798698
234.535442
326.052318
262.106156
344.720693
360.302304
308.001967
339.495467
280.45206
197.840511
388.117405
339.22949
286.975778
367.233754
247.83899
248.98753
352.891513
159.763045
338.533858
375.631384
384.762645
384.760449
362.504352
334.086061
324.37949
267.893302
376.582938
315.967017
334.966484
306.914936
250.834182
316.032165
366.385525
394.011836
264.970801
264.578507
323.11665
255.25713
187.916276
337.164352
339.471788
367.713633
365.451042
394.156738
296.321294
385.726026
327.116377
306.647646
337.030007
158.461859
262.67543
172.411072
376.253495
397.504729
250.192229
296.217264
346.898616
382.440792
357.750661
403.219937
355.41237
350.548288
374.955163
317.663477
321.892509
149.240454
300.879959
352.914373
359.058938
214.873891
379.121186
228.124841
289.395923
333.335434
296.355752
328.294607
347.709572
311.062719
210.111081
222.618631
389.11371
380.143951
276.658007
295.569684
315.206728
267.970171
390.966677
315.994716
302.560832
381.199837
375.707919
375.791359
230.446847
318.700716
315.00977
237.926086
389.673573
355.017944
288.675677
204.454339
272.635189
405.516903
333.749814
278.719603
350.868588
301.896339
164.628589
260.954772
184.020563
303.251859
223.49001
333.837233
268.490722
304.087237
390.431455
282.923368
355.304356
159.072343
309.882061
266.36679
328.81528
300.80745
236.237769
323.24482
406.489767
260.005175
379.543579
281.587002
361.733072
376.3465
404.480679
273.672333
369.378963
375.752795
325.536298
305.290645
192.622138
258.723735
355.219455
282.897109
303.497899
332.013696
181.492523
334.280061
397.602132
195.401414
282.863309
183.293718
353.256065
332.190928
242.875524
233.505699
397.00579
294.692409
362.505499
240.276953
332.740412
369.448465
404.328509
362.481718
302.178361
269.232335
360.18745
353.945845
309.501306
184.126029
219.126627
238.557514
331.820578
341.031053
278.251922
339.358752
378.524863
345.999279
370.196852
386.793069
405.532082
214.883394
301.147087
338.645491
253.627324
153.066354
352.504471
332.462333
319.251877
327.315793
367.19773
365.722685
268.339426
302.698404
314.152587
394.540365
191.444831
387.122565
342.356924
367.862132
366.36508
284.718681
355.341905
361.773545
218.517793
349.145865
193.769508
402.657474
258.953702
168.376874
245.619197
351.162586
192.93301
341.405949
385.031791
377.948686
322.503675
300.644
397.787674
183.220817
345.996505
306.782593
362.232438
287.988253
160.791933
361.849854
366.044782
318.566918
281.663496
366.275022
320.185719
385.832924
335.83386
267.275543
379.102736
320.504196
392.744718
236.450048
395.919873
277.504053
374.760389
150.643915
358.279979
342.265012
394.654624
277.902545
288.506849
309.736029
267.854701
285.831702
318.597343
315.866882
372.99087
310.972988
357.641811
388.77793
204.792689
188.902382
215.036113
237.757217
315.35858
398.972083
316.550177
384.30111
220.30096
357.730038
295.818657
338.789074
301.155919
197.992374
247.978344
338.251026
292.137829
267.578004
358.101582
334.480728
332.279854
404.08701
347.67302
367.301209
202.91599
190.521782
229.825179
183.832556
368.416636
187.735451
350.993938
178.725985
363.98176
225.315302
192.391243
391.329776
296.147596
401.474778
359.575456
185.781348
388.314157
310.835715
311.440944
341.245096
349.906909
369.949657
344.350972
331.991375
377.110989
293.270716
248.400183
332.896847
261.413619
385.410498
322.652397
281.536963
310.384029
405.012172
171.079352
211.115509
284.143826
306.79326
401.05729
383.200917
364.063534
281.193674
189.332376
390.554418
248.035817
352.535802
295.497429
292.142872
242.796589
317.546189
342.131962
256.05488
145.523613
386.212805
276.70369
392.440037
374.623395
406.770044
250.872215
315.665172
380.374416
248.955892
374.672312
394.557489
158.731538
299.811277
190.386915
399.115367
258.599153
326.679479
302.494965
334.881521
402.125938
210.097253
267.306248
312.89004
187.360574
255.370943
364.421174
299.528725
230.682605
197.854697
231.34482
228.666494
211.390633
118.490665
346.867183
189.318072
319.403564
377.292181
348.754419
363.776417
358.857676
327.009092
375.241614
189.352291
291.590741
403.730586
368.041216
133.239786
217.17916
369.618997
295.836448
402.026366
332.915206
374.877448
368.050841
369.529981
235.667335
227.220742
298.171472
251.648169
195.401341
397.072045
387.504266
360.261131
287.904226
335.745038
318.651634
373.744463
377.882078
229.695375
398.176156
392.66498
198.481393
272.402047
230.151378
368.743034
336.530051
356.858506
375.932991
283.361165
329.336006
328.494255
374.641472
394.750241
398.419119
377.742262
241.394699
225.153982
357.088905
305.007442
303.831235
310.273026
351.085078
306.687623
323.737822
307.083848
253.333467
340.976936
361.951729
378.84171
392.668823
302.707888
301.431215
339.322053
300.126398
259.627711
359.2343
181.918437
268.1168
315.201455
329.403485
392.781914
331.386004
291.381948
363.487541
142.470169
346.496982
403.668122
321.375867
354.820159
197.883659
386.044199
366.540359
206.028963
249.687569
370.474136
215.039187
242.638093
340.63396
238.855957
246.562413
226.660621
333.113528
298.030976
362.656096
397.74474
203.768449
407.388224
377.08935
134.04959
248.17908
183.411847
266.484681
396.631716
276.114683
317.157808
309.999575
382.309151
260.602642
398.135193
395.882221
310.65027
402.858266
340.278491
404.866601
358.30483
333.735372
406.476901
388.007797
377.320789
351.925706
323.744366
259.035503
380.655094
320.306246
341.672629
284.085637
319.600326
304.605829
404.005497
347.908362
334.508674
317.978736
361.623612
305.836243
341.583413
326.585822
323.513816
357.637586
275.019058
282.791152
305.463829
327.324059
210.576142
297.495024
358.670781
252.740134
227.992505
351.164986
399.569824
266.022499
257.931574
389.566058
314.079255
351.115609
323.76775
398.344981
290.014984
294.353972
167.716637
371.139139
400.284775
379.487919
299.986126
385.430503
307.196179
126.610006
232.494434
279.942504
236.861001
285.062975
261.213255
365.331283
315.072053
278.271287
347.048698
189.531406
380.87373
299.045209
177.604642
285.575205
259.34343
378.238279
369.097984
398.237627
305.99553
327.678327
377.591464
374.312873
209.654213
230.549882
287.548228
361.58047
265.611034
245.506186
407.059048
187.018933
167.187165
267.170287
240.634426
397.629374
301.935849
197.278377
303.732279
382.359728
386.391656
221.116
345.794168
354.688906
226.955121
398.210431
264.055326
347.420334
319.368729
224.108086
403.630435
259.135309
293.705419
355.837537
314.591637
371.588455
393.940332
346.458879
360.039422
295.36091
294.653523
301.383503
371.880655
388.084135
370.728794
342.952814
270.454258
304.880992
318.821558
400.259606
237.656464
265.365341
339.980816
399.359736
315.679188
330.145567
384.465024
347.668623
291.489201
347.050189
298.727742
361.008609
352.474238
295.193385
242.989709
262.830179
286.637202
396.158728
211.360981
380.837018
336.086113
345.398785
358.536898
375.717512
346.418409
346.1187
309.389875
344.46274
292.978066
221.463116
251.972474
376.067331
291.653711
353.240105
351.329333
379.092913
322.366309
347.634293
313.482358
281.885345
378.453303
304.703752
321.557289
335.993135
313.882016
315.056043
406.408885
332.740353
305.953748
370.835723
385.172892
352.666588
181.878565
380.094013
209.404752
209.752546
274.051457
358.751477
206.009018
293.740559
318.224814
332.630255
331.089293
210.770614
276.435202
297.261387
276.745383
278.681927
340.385914
252.843904
378.357959
291.968514
364.467025
339.62896
332.687361
353.254729
364.171208
387.045243
281.786049
301.511254
185.594856
356.469443
282.596768
369.043552
361.442971
362.134505
357.505556
196.676216
341.593401
270.351441
285.610229
366.649675
395.811454
372.996448
244.203979
352.435911
325.106524
272.334762
254.975038
243.737574
396.47175
372.576786
400.471021
319.412231
335.542709
267.017646
226.618231
352.505742
363.781581
319.280518
393.041941
315.109842
390.822301
302.534723
395.209031
265.32924
365.391667
381.454451
279.725813
354.009932
260.126737
364.032377
349.064469
326.218132
328.309223
333.669258
248.949034
221.082035
403.117371
401.454018
399.946201
388.725992
199.868579
363.445842
269.955814
195.176084
233.341293
360.716045
205.681305
256.710146
296.190568
302.487576
233.822625
278.030456
343.428553
363.27147
341.308999
334.489133
251.733743
374.473037
255.32661
310.812761
251.104533
390.400581
324.878384
349.355005
312.274246
317.077164
341.149969
312.750717
343.862831
333.776472
350.000158
247.213054
372.139865
357.607004
381.201152
267.671373
393.252382
270.757048
345.135525
332.86347
161.397571
273.402792
178.41504
379.05963
407.585792
307.522554
113.630422
402.895334
259.420324
330.645376
273.577456
253.351443
382.285012
341.293167
350.219112
256.397297
254.476628
208.088762
313.697112
260.68041
383.969461
376.880823
403.974197
361.648183
390.478054
382.425526
280.212187
384.904384
309.874463
334.03313
339.167452
350.833488
239.098551
315.572166
304.320329
316.448848
223.519985
291.219993
348.664009
261.816242
405.951278
207.535305
303.123765
392.429215
292.424213
331.683402
262.493889
356.277782
259.884523
311.220856
227.655573
332.810703
294.173429
370.670672
333.236349
348.651493
155.650314
318.101703
212.370417
384.383572
408.229274
334.972482
300.665988
355.189169
379.24931
176.072569
295.754382
285.327061
351.160725
377.359457
189.389031
347.669505
381.214951
386.509536
407.017238
347.01968
322.520986
317.695444
317.642058
406.126377
314.54158
345.194159
346.729243
272.829977
210.781446
405.751136
271.071985
376.996082
348.612459
405.179778
312.248015
218.464623
266.611911
393.949863
237.503629
265.3902
254.969086
360.877812
331.379275
345.060035
205.27178
362.637065
389.454217
291.707701
324.207017
283.006409
290.924322
195.705588
279.391966
239.399871
275.323095
175.509279
212.294674
173.807194
316.686206
356.297331
186.4323
350.697169
258.731369
243.414323
335.826227
140.107712
330.553817
379.076427
226.841471
233.936472
311.494061
389.896246
377.638791
311.729888
391.078318
350.144817
333.62469
381.497125
276.359898
378.529432
293.442532
385.530863
235.678953
336.121475
265.797565
403.282279
265.812775
280.990306
330.140012
378.261176
333.078868
353.210424
297.919255
386.513577
254.729265
282.749924
327.307538
334.217049
303.671594
293.917514
245.204415
387.77144
300.429806
397.234674
405.137129
235.43468
192.687111
325.286685
171.824482
395.385942
345.054313
294.844355
336.877389
356.806516
338.222693
356.288018
276.669379
310.363271
354.042452
171.8868
314.043776
361.13889
287.73141
194.500639
305.524752
403.780166
259.098447
224.587949
333.498829
251.929834
367.620404
220.90607
379.15323
377.423695
392.320333
174.571918
318.355059
269.578387
301.405918
232.530783
278.488642
295.42083
376.108046
342.707067
341.636887
403.463736
400.741515
189.016566
297.717078
298.780397
388.455934
337.819429
393.923603
239.936817
368.46402
331.839449
403.354538
310.443266
263.249637
329.66118
357.885562
325.210443
396.181909
327.049256
316.696862
276.615087
381.649021
405.086981
170.966957
289.233881
370.600572
333.53431
303.473195
310.588429
331.41448
389.342318
330.830809
345.317366
330.071736
390.667951
366.384786
336.192901
374.182143
312.853234
247.327039
315.683757
321.399522
268.304991
375.720334
161.657341
396.337478
317.272834
402.109968
397.263776
383.797115
216.327247
304.640206
325.488509
246.326692
286.671743
226.278726
400.250039
358.059844
394.380688
372.141159
399.501154
242.378085
319.397684
343.927336
258.586368
244.690007
321.871475
362.164266
350.964394
366.149574
321.181508
178.356097
212.189708
347.008839
393.810546
373.595251
360.21491
278.162379
372.88527
263.342323
182.448323
294.393773
248.716902
319.8681
317.11305
185.686776
393.225975
382.018283
362.432265
406.076866
172.139317
304.154377
220.750396
286.839161
292.31354
272.459058
405.303171
282.526105
401.186908
219.638137
305.030676
314.17908
331.896103
359.143443
255.187599
363.667593
327.168748
186.471309
378.786197
386.618453
309.561767
206.32692
353.502438
378.438825
265.376257
381.543658
303.227813
245.159426
330.679925
370.895941
376.833855
321.666597
387.345688
360.866123
353.885221
219.904748
368.16418
199.401845
401.148831
368.981857
172.88483
281.591531
378.774901
299.163661
371.100722
292.993386
383.361712
316.001322
379.193164
331.942754
353.449649
313.970533
293.325687
320.418473
339.619251
370.554519
277.348246
251.940827
374.726176
250.920881
356.120028
265.321795
300.863431
395.652444
219.538431
218.789566
321.001063
371.087674
242.430102
331.493868
397.566954
385.029322
156.836328
221.725066
361.338329
395.456648
360.051382
269.566892
344.777422
281.931903
260.774988
357.831962
349.765784
382.538438
326.654691
331.602289
204.866782
379.968583
382.385412
327.666492
346.118249
382.525444
260.827158
253.323628
325.844429
287.289781
338.873421
352.728486
240.929429
318.558524
383.601601
96.014775
285.647778
399.091886
274.105102
135.286784
260.554123
188.746571
276.255098
264.026835
366.904607
321.37646
322.632497
389.986575
407.055636
403.833243
321.679857
398.52902
263.164572
291.049078
196.925555
398.750384
311.018793
169.313533
371.155809
375.437516
337.401852
215.518687
336.870338
390.413832
345.362543
350.93009
238.953398
400.756385
380.527872
262.01328
291.8265
375.640819
390.003992
315.210438
311.599549
177.86053
320.42102
344.608226
302.902916
368.173738
393.495166
244.208076
402.432505
368.257562
232.498587
268.078979
303.187306
330.488408
281.15582
378.920344
398.537212
212.653995
266.393108
395.67253
270.628305
295.124983
403.997309
354.269476
343.728786
385.295367
354.032359
344.187179
281.892259
320.689652
296.519176
345.634995
351.109149
349.720109
395.548682
200.215543
376.161526
300.294256
364.919288
325.195211
374.004657
385.504804
316.565878
356.209312
355.828425
347.77798
148.207881
363.571046
230.882593
351.331463
178.552488
287.97068
188.743662
359.64825
270.733774
167.295018
373.187641
396.270706
248.251864
335.301568
191.975195
397.560414
394.125496
199.159533
377.309756
330.175384
334.784833
307.234354
238.12908
154.379349
280.937604
366.912637
352.461025
260.654007
97.457854
311.103349
283.443072
295.669177
365.789113
305.084233
288.436726
368.457798
397.844047
267.261428
274.13948
379.050776
320.328518
216.961066
289.020891
169.135372
272.850087
266.815197
166.230382
370.202954
248.690517
311.430081
251.692016
403.488319
338.720871
170.622757
399.295041
296.536546
203.103028
206.225368
372.7764
368.495913
305.197266
229.803967
398.705382
338.076098
293.256042
367.926829
363.420848
317.970786
382.059173
189.294527
320.375414
121.571909
363.547549
376.761965
397.836072
348.699303
397.488396
321.04209
384.630589
259.781512
233.946331
362.337399
401.748623
170.838035
247.410253
334.944512
288.070939
250.702025
395.686342
394.991558
268.884278
383.411756
248.008388
207.142362
329.901324
259.108765
250.6271
303.676529
373.408494
322.793343
328.412676
155.646073
394.253593
291.439075
358.908798
397.603572
302.127051
287.269823
269.399166
291.596087
334.100876
342.347282
212.560193
350.68306
286.684501
299.198554
241.549582
303.201628
320.906547
298.778763
277.265505
332.781151
323.83437
169.18413
350.637348
328.871249
311.302285
248.52604
389.997598
375.900957
272.870681
228.266121
330.647982
303.896048
377.23769
238.843331
375.711779
315.720068
227.799451
338.303411
314.1479
209.853616
351.777911
244.566162
293.251979
338.385107
379.520781
308.340361
180.530357
237.223493
289.327162
282.379539
381.243095
290.40847
388.568621
394.758649
371.452368
376.80147
342.073558
327.025958
324.54469
155.634675
170.525456
222.190955
327.391774
344.449419
321.532431
124.83853
355.744966
294.876758
261.108699
287.944827
393.372303
264.363023
263.254376
368.864606
120.253737
368.473476
382.303945
318.042841
390.880068
215.98996
270.592439
333.228629
323.395026
196.906151
313.579221
363.692922
363.359142
341.144852
387.979623
349.084879
270.272819
308.359095
259.147072
356.936017
220.569824
267.051712
244.285306
148.248204
307.977774
350.166387
359.791433
325.332756
243.401388
383.865567
268.969754
227.090107
355.570745
337.250167
288.345308
214.487699
405.434842
257.020775
274.294843
397.170636
283.034104
344.304632
326.555264
233.795745
335.346966
355.039521
307.316015
345.940268
325.217541
382.526443
301.593807
327.222398
355.326914
323.063959
396.279609
301.519303
292.839383
343.500053
239.937693
240.969722
382.139105
328.58828
378.179155
346.570095
220.850941
272.875785
285.34907
397.967218
198.329872
365.494217
256.092678
251.724222
376.749902
265.709378
225.50745
366.787633
248.809583
403.763031
323.199077
236.552329
188.919609
154.441438
199.692269
303.612177
377.152592
261.897363
315.787478
235.57578
256.826569
265.385608
367.728263
169.436827
304.39356
228.36853
324.595669
354.26393
368.126123
394.345649
257.267361
287.173932
388.940922
346.966181
314.03689
165.000179
358.271856
363.982705
346.095721
249.768424
111.576247
229.422578
256.240444
389.104583
362.855356
299.267806
185.953105
314.741747
406.19701
354.353456
185.831297
386.893372
332.410447
380.560716
278.449962
268.28639
313.023657
264.672448
344.577078
369.604591
362.7834
336.219263
332.585479
275.510489
399.354533
291.35028
321.727415
303.242519
363.894562
311.820364
173.036841
209.349708
109.464335
308.798015
253.002221
148.744906
340.231597
364.739171
363.121616
347.66807
379.014299
258.62937
271.381337
325.158139
261.917729
338.721153
382.012063
247.065442
395.547113
366.526473
157.256787
297.802847
179.74068
331.864921
178.981076
368.607306
375.987712
324.399451
353.588443
291.57505
385.256516
350.063352
232.613961
298.42298
405.387224
406.025512
351.90186
374.153034
367.058925
366.063514
323.943591
282.904333
155.29064
371.107592
225.64893
363.790057
336.983823
408.703173
196.208908
378.312308
221.038351
384.337519
380.617143
281.069609
309.664603
296.410978
313.013433
135.612948
387.988399
277.765062
223.255813
365.287187
325.498457
277.374866
340.423798
402.736002
325.248321
337.270072
344.542431
387.522731
258.113938
313.143964
302.387102
391.809347
318.929835
386.422177
316.163007
297.584619
252.817259
238.555976
318.614595
377.971882
398.708051
323.706329
111.243835
358.946464
248.96762
172.294801
333.158624
399.061657
362.387759
325.358976
365.904661
267.14081
373.590751
323.738043
282.502149
314.999846
246.995792
205.741856
398.775158
404.387212
389.31082
342.32192
261.305902
352.284815
226.19605
302.608787
376.799339
379.18622
386.460098
260.648161
404.342318
156.406376
378.133393
406.746242
387.639033
308.337084
299.92283
381.131322
332.998016
360.566619
316.600562
320.949721
327.958533
308.915139
230.343695
322.834734
217.525305
173.430748
344.800895
370.573209
330.628453
287.92646
169.587541
353.159819
362.246134
313.200952
329.046238
296.295069
374.992077
359.157887
327.943495
293.377884
221.681597
355.336388
192.327899
314.249554
377.010367
227.830395
350.99388
353.469808
158.278187
347.375359
400.426013
252.043586
296.333443
308.662579
399.656446
400.353824
345.37696
373.43708
379.414521
286.386571
383.988143
199.8474
252.857443
300.409715
294.364952
371.578493
211.718577
400.933669
316.522418
331.978585
308.391444
181.089247
189.818887
176.892345
303.812007
247.455921
358.771544
329.938046
196.452284
387.433765
300.285262
288.941481
310.826604
293.939443
289.521007
210.337994
337.301437
321.780106
283.077358
196.091255
355.424081
306.678262
347.246484
330.439659
294.355924
392.589085
348.934816
362.435725
405.09383
368.84112
403.798606
402.148572
361.90954
384.014602
311.433237
228.24851
344.883892
295.821764
222.527224
247.769703
356.341578
400.401634
235.204548
382.331545
327.394549
258.046672
266.054371
337.206411
405.940534
293.49146
342.036533
290.962908
386.166584
247.242182
378.233739
370.072121
356.168486
189.663493
310.954538
201.669689
395.520321
230.491067
367.664109
326.552276
336.111369
295.117179
352.08143
174.681996
401.707319
299.753161
390.46327
404.08549
335.782463
241.836023
320.341285
268.035351
276.641241
329.212819
266.537584
356.020459
293.733281
279.524399
378.234919
404.795281
216.935346
302.450402
324.647302
372.34239
369.482513
344.769821
228.945735
289.931076
332.616264
320.464658
203.285845
354.706426
359.222909
270.143659
318.009559
386.611944
287.411217
333.193084
252.433464
350.958896
243.188645
333.60987
353.199993
329.822618
280.526796
364.04302
326.381838
243.956068
309.390912
323.111474
242.213737
378.503454
196.601648
265.283324
375.521469
283.822667
345.437727
308.730072
386.147534
390.65036
259.216249
152.73173
302.606749
263.435664
403.315076
218.213454
325.828332
157.91004
293.341001
282.034372
389.655367
301.600432
348.121507
400.932705
372.617955
213.844974
319.925824
371.86233
381.134988
387.702696
406.574034
343.014402
349.007878
245.40383
310.135858
354.748502
266.631733
163.987879
383.041678
324.91026
276.973342
293.184772
244.347364
398.269666
272.487491
305.261563
333.609248
380.612275
391.686664
368.410932
322.225462
296.970136
174.639585
269.627891
406.74796
263.800595
353.638493
313.420603
327.015512
181.949542
212.860504
397.821508
318.124061
258.868721
283.661305
348.804191
223.070934
367.321126
405.973602
238.009941
207.361791
229.39216
182.538509
347.021509
323.462683
378.28656
224.41384
401.183808
351.460161
162.641833
391.70911
381.781445
394.472984
381.597176
397.78229
369.834452
242.209524
196.287819
273.079275
321.958361
237.363437
367.935447
240.608533
279.253335
201.627563
369.416886
297.645478
407.92593
234.223239
332.770201
261.881127
120.770023
264.612699
278.926041
259.208391
307.03355
245.767202
341.491217
320.087907
348.834632
350.304268
303.242737
372.559766
267.989251
383.777775
383.42995
310.095013
350.121162
405.574995
353.666371
240.017728
281.214821
276.962498
326.221163
261.170082
332.543803
383.454312
354.717181
393.941286
382.172793
304.490438
285.322226
342.456494
393.368807
261.029564
218.712233
301.391012
378.991032
280.664837
395.288806
400.921593
304.25903
228.508946
220.318636
399.364484
347.558203
282.425727
374.98936
177.711941
292.735776
308.110286
369.351951
361.505814
293.973356
292.67095
304.073626
370.698102
380.495244
260.295067
374.787404
322.15178
329.090146
178.995714
401.232031
278.996852
380.861942
215.053118
400.653135
369.292263
184.816898
376.79457
311.014568
328.845786
281.506501
194.011932
197.805477
361.669508
319.238068
402.619378
359.457355
399.551978
268.939359
279.638431
401.518635
251.849609
321.054748
227.238678
261.204636
232.440515
353.248138
253.974969
401.183144
226.309688
312.194756
335.358279
375.090897
407.37839
332.96624
347.1846
218.719976
326.991629
254.077911
382.79681
350.45921
387.427613
393.732247
338.334052
234.542296
348.673487
406.153646
206.247948
221.693709
321.989334
322.98752
372.242402
276.516925
392.393306
375.216365
399.464519
324.204332
250.72769
346.667929
352.111146
337.934424
239.703147
343.211987
287.859028
373.861229
216.929637
251.728754
352.930228
329.437619
341.12672
242.359544
309.500952
388.749776
269.804456
339.188475
335.561306
251.688255
315.640886
393.19313
404.142012
303.978508
380.821472
373.999512
213.197605
380.761081
305.929352
395.623057
288.755881
205.678465
270.462543
354.245657
314.007342
358.866514
269.119934
337.39292
192.7651
334.095979
400.27193
305.941419
397.419063
397.654641
384.982022
380.582781
399.22321
227.570209
238.889082
274.590082
195.559381
206.370503
313.860165
256.574296
168.166159
371.815337
217.236225
402.336788
194.93606
366.125634
218.704342
234.871668
398.549864
220.840946
183.434837
358.672162
363.382705
271.155918
351.436338
253.240394
344.622462
366.782945
323.58379
237.743084
126.162178
297.444787
374.023509
281.600579
375.779863
342.307976
334.49203
344.039617
227.430964
246.791384
337.15483
284.904249
228.248864
333.197542
396.133229
334.049794
397.338382
223.491729
380.84836
317.656448
158.617214
330.573124
326.235864
360.98556
318.993779
406.827926
318.436161
372.502585
141.431017
321.582101
375.143624
318.820159
319.472528
343.384032
300.713464
287.956523
348.795846
367.906724
292.140867
326.639293
305.904105
249.220255
362.795951
186.082955
274.56335
354.546507
335.670207
350.700232
241.931331
325.282271
337.817957
393.531837
183.028311
323.590561
269.339529
258.732855
377.448104
246.482908
393.026859
367.314744
256.506742
366.500795
266.182708
264.640431
381.871082
381.990983
389.41864
134.912899
209.969394
363.273825
405.060854
289.94464
326.280223
387.958985
385.710769
307.802805
362.002165
393.746742
328.362687
387.687036
253.999014
338.74859
179.70291
323.24496
292.570139
379.980246
273.216476
295.972947
277.965407
367.794029
302.648191
366.33611
277.448319
258.156132
408.30196
214.2449
289.493263
365.34809
377.082917
165.91322
210.974721
400.574365
150.406577
389.673463
341.679907
389.079602
257.285739
405.664732
364.693746
162.75173
327.074339
342.728565
358.605418
398.696635
379.855751
296.624298
384.643565
338.293277
356.551634
229.347098
343.361711
337.369875
240.652711
349.328345
243.245926
383.271829
326.816022
263.415613
383.218034
405.164707
345.679766
383.612003
206.406978
357.916853
393.787717
325.052719
350.238228
246.273195
396.511962
334.865204
295.204008
392.863793
330.411493
331.083722
325.562837
400.036627
320.664788
295.674571
218.678251
325.071204
405.435933
301.353409
324.559932
303.183089
397.580941
343.99599
371.264017
313.613462
309.572239
286.46448
317.156727
300.658968
138.480908
284.419318
404.048051
399.364941
344.067141
382.651227
299.969746
260.576567
265.819343
406.092562
324.476828
320.347125
361.231908
273.821681
242.946864
399.469293
274.262301
275.332698
301.080986
286.891608
368.199488
350.384539
377.60823
247.955251
284.365649
301.788044
195.753478
297.565178
342.023602
402.732768
212.249367
371.05314
221.839476
350.288243
310.54066
203.730471
366.998437
336.660794
364.159272
281.997725
373.260586
296.517796
276.661466
369.149223
382.491524
296.266016
301.009857
222.372761
239.813591
223.826891
359.396808
385.87896
247.934173
249.59151
344.019185
375.089015
318.060354
367.879328
376.480874
398.27627
388.131445
299.837621
305.982401
342.822681
359.598004
375.703148
379.512729
269.227463
250.291494
368.535774
245.901224
370.155026
296.300583
378.580458
337.435043
402.124095
389.488018
376.660128
262.094478
232.430874
405.959175
348.231764
332.407386
273.005351
361.380919
334.249403
323.634672
232.006102
322.144631
362.388927
360.22399
283.769076
339.064524
200.147825
331.937063
192.875047
344.30105
360.374477
290.523813
249.398959
385.628284
300.996279
243.794763
333.393947
394.687066
330.362364
380.35286
348.889321
277.891398
299.847773
362.174549
334.954043
404.421228
405.358009
236.677888
386.577015
266.581682
406.249449
323.640235
355.723308
384.186127
406.475429
398.085691
366.578412
317.766665
249.453555
395.270678
294.202958
386.318529
380.0607
403.092763
278.67089
241.600177
303.369776
234.362699
328.511506
198.283759
304.215259
154.464505
344.723229
333.681125
350.186791
360.619121
394.8321
263.76365
316.266614
365.335504
396.477596
293.808894
339.801361
254.664767
316.758865
406.621226
366.803506
401.827113
385.678196
319.482312
207.851825
390.683011
311.98795
182.684776
186.454414
325.974061
281.671578
295.931217
297.438614
403.759495
299.516261
188.065637
385.430824
408.979623
268.421879
364.065282
290.886238
174.730309
233.056194
253.785079
350.333065
392.118458
226.915549
278.310026
333.188197
353.896894
404.854306
350.470407
350.739443
305.42817
392.183929
321.488632
378.593089
380.720493
282.399924
404.914473
367.651838
209.302676
227.892488
285.567518
364.689137
273.092368
312.482521
172.713704
289.367987
367.384893
328.893654
255.748409
151.118031
377.991624
228.883025
370.468417
277.939805
362.994801
280.621177
346.175438
381.416804
306.0361
136.321214
232.198156
