Neutron Energy (neV) - 100000
232.358214
177.429756
315.592396
337.34557
352.426943
368.52294
146.411041
402.997984
221.362042
257.650732
294.015381
328.938356
401.132947
277.999749
406.791287
403.05595
223.913525
388.642562
397.17786
351.059351
377.838109
332.703666
321.104928
330.412404
237.393552
369.168899
370.443828
300.678064
272.407531
297.981927
371.278393
197.892622
267.318419
327.668181
245.120438
302.824223
285.269326
190.224407
334.049285
358.543823
395.616218
198.198124
266.933443
387.989294
242.899097
398.970458
390.992336
376.942488
188.21105
393.703526
231.431247
400.95407
349.744607
233.291368
292.944073
328.499147
363.551521
299.926791
342.75852
281.357315
254.16263
294.578459
338.909866
354.797402
203.758166
319.306488
329.162873
322.77715
377.185954
310.687155
275.671417
272.140038
337.921144
403.116474
361.858604
352.150319
387.929125
282.183575
384.84888
224.608387
347.214744
197.59399
344.712885
397.912672
257.655413
215.928109
302.089869
374.732262
378.419936
299.4572
399.570128
335.526141
352.756143
311.645808
285.85585
370.181182
384.611719
296.038402
292.070705
388.186803
387.304053
310.220094
280.823565
327.438616
349.707967
269.547544
277.978698
215.847639
252.472846
232.395258
354.803184
299.716904
294.609723
370.494333
268.165687
227.33014
332.568001
270.143437
396.975122
400.943701
341.868062
297.196824
266.550858
323.458022
371.251944
332.70376
339.072497
183.581731
335.197713
345.83239
361.007822
314.329909
288.602206
219.182424
372.410214
319.477469
308.997126
341.824779
385.884863
367.194596
338.724176
316.813619
361.438012
361.110277
392.133477
149.662919
292.459411
132.819969
364.478962
203.352191
271.766342
359.091076
314.97236
174.658799
227.135687
403.025762
281.414655
381.959855
122.517434
394.26803
295.813383
249.626378
335.760785
243.769273
342.752861
253.040004
389.041055
355.275873
363.870511
276.489338
375.507777
277.444333
330.06522
399.122427
328.788423
393.89187
326.907185
372.53502
363.882893
352.175785
353.876534
346.762615
316.237986
376.482091
176.459449
352.909974
358.494816
362.684924
214.368089
285.357187
301.11518
394.61772
351.244977
263.382767
275.200845
377.716634
286.529005
395.708659
297.178522
384.656845
216.744454
316.068727
290.028094
328.740604
248.318458
378.289125
356.801939
295.95958
386.644761
368.809479
401.502449
120.532185
166.619538
327.14349
373.977602
233.370751
368.278004
261.368407
309.246179
217.292651
293.449309
306.152781
397.269423
332.913317
294.078708
234.293119
179.228502
340.703939
404.299329
337.723419
185.403963
341.372977
372.894445
179.898868
184.73403
387.298315
293.638483
358.781698
314.475367
388.545046
378.852577
251.873386
361.763947
358.45542
384.828104
296.101049
318.807883
197.239147
344.771808
258.966184
317.389076
307.842616
358.555329
213.72972
128.799524
344.083424
131.247348
398.785573
400.186257
329.065561
379.718751
239.337124
328.873442
338.458472
335.622526
270.087492
244.443609
354.632534
198.12709
200.220665
338.411147
372.99514
253.141113
225.840122
324.581558
234.889436
339.225241
316.504849
350.007091
300.559606
374.213439
292.061102
372.320913
245.501516
329.104675
393.510837
308.345278
360.302079
291.695173
358.93404
393.775507
388.43219
189.236638
325.10212
184.760305
393.493495
408.218046
184.964082
156.669639
192.532487
126.70638
183.163254
320.149238
170.785976
347.774515
253.634489
336.057294
327.407511
297.794672
247.725234
234.548709
403.830277
237.52518
396.674329
250.733224
380.449007
285.437227
282.74677
356.131763
353.348897
336.194308
305.45078
282.017887
340.013247
218.896886
264.967626
334.008726
384.850636
232.801699
172.753477
291.985146
278.800479
407.072399
363.424708
380.209434
263.318459
406.478918
402.126935
142.944537
299.662551
349.58435
344.286129
393.85024
301.033708
215.445657
243.949234
365.113799
365.207988
361.947218
380.930545
375.469236
330.985718
373.307669
352.502142
391.251381
329.262103
355.713908
371.75167
208.544823
247.66139
260.999793
369.504689
205.924675
339.012449
309.331304
326.567872
409.233596
285.461956
385.021961
403.965878
389.267885
370.929367
144.6073
366.469993
229.793831
301.232462
321.765427
306.989708
179.906722
382.470039
222.386399
325.343634
365.950354
278.28055
342.21617
349.530122
184.864149
363.705709
282.016955
293.129556
330.468926
335.075022
303.716147
238.090975
277.854999
398.984999
367.588696
382.089776
297.674119
222.945683
246.93633
394.096468
311.691839
304.486854
283.87705
362.585489
362.042707
367.863026
348.188433
373.529723
346.877681
295.422141
377.389508
408.116707
314.814611
326.144866
349.301003
352.441949
396.273207
178.750422
297.057158
242.119024
373.511869
344.135252
325.977832
238.235903
271.895953
285.70948
333.976079
348.770838
349.465648
108.652934
364.586624
403.156696
345.358897
379.688721
369.343864
368.526617
266.722896
271.752715
389.674975
391.751296
287.185749
273.535334
293.088969
164.591187
245.720415
296.711668
241.885348
306.273808
397.396737
364.650833
236.934241
261.621783
364.560382
223.14606
318.200545
359.405234
358.957822
409.113526
275.752384
207.505672
315.506803
272.269971
278.215101
328.407631
384.558377
365.556416
397.059033
296.178666
282.494285
255.855788
274.376799
344.029372
384.26779
318.03886
226.603221
356.811486
207.515041
380.75047
280.148577
297.254905
404.7099
362.97128
387.546386
268.423621
333.383158
291.358955
291.123441
213.724117
227.907046
367.792526
358.334511
319.633194
311.683791
282.323143
238.757843
244.763073
238.772165
325.338513
344.154972
377.152035
346.216216
356.833388
199.573833
316.795858
369.56452
229.316313
338.074003
228.31368
371.629659
326.544388
238.334812
180.48246
340.925249
376.756207
249.814336
269.046796
360.182889
394.64501
389.724091
368.160692
206.367224
390.838679
235.222241
349.648394
253.233212
321.695945
312.964833
331.86401
301.966368
385.423856
326.58312
312.014291
323.943249
231.910448
326.479996
335.636018
284.729998
406.059034
384.54862
140.776056
345.608755
342.560159
271.138429
400.296981
205.590107
353.692789
204.154501
333.815042
269.803184
368.266055
318.748608
246.732215
226.687249
305.756384
385.457038
266.094512
359.350784
302.009314
305.277824
259.014488
174.500643
228.101955
368.344137
389.637264
397.284349
252.161079
343.76859
358.122003
147.022749
365.485844
311.778157
352.226501
296.217038
229.609216
286.799278
229.353362
351.937793
269.690299
281.336506
345.515119
299.974597
346.57718
189.988534
276.531762
337.190519
396.561108
366.611822
271.725643
254.015341
325.095577
358.43371
278.970384
261.780452
168.969814
238.384022
292.78692
270.987906
362.493914
281.428167
349.013088
403.301618
386.897414
204.779691
268.921779
402.275824
372.442012
253.454534
363.898739
398.031795
283.162292
263.171003
262.953329
245.602685
288.227203
142.447342
405.898094
400.078862
370.87477
219.89294
337.745452
250.832441
239.898515
177.042064
335.359993
221.48479
169.498631
293.274074
352.086853
394.169977
305.415805
360.568982
331.582011
337.175737
394.099426
249.24408
269.976879
344.548964
127.585116
269.59182
265.044293
244.654274
394.479397
326.531181
344.783091
404.847571
357.579663
358.137995
370.708135
171.932127
156.369443
268.037027
177.088827
289.67783
190.525356
407.515487
300.178667
289.978828
241.909984
378.925993
343.551116
323.21439
251.262965
206.732476
323.497551
260.006452
377.209224
367.517089
309.883145
327.060739
292.571451
356.818072
379.648552
215.101876
148.328841
276.468595
370.976321
388.707371
201.62739
162.604772
374.243146
169.42143
331.874255
300.02182
365.185665
276.339684
361.047751
369.774592
302.356737
346.221887
220.038737
196.562952
328.757714
179.711797
299.358266
327.853969
263.278314
127.815155
403.65717
190.528635
306.554751
181.83124
311.966094
301.546229
238.926732
216.071883
270.809394
319.680961
266.597965
345.659947
195.101191
252.858785
266.837701
281.1309
286.931226
387.758366
398.62725
335.931643
252.67168
231.508711
370.693972
322.255494
200.009695
375.78169
247.869864
319.588132
291.200387
308.328788
368.370274
396.849193
173.418166
390.717414
346.839723
173.92088
314.195706
361.560151
330.362698
349.611372
207.256912
394.162866
256.905608
388.325877
392.618056
182.768159
228.942522
335.612293
293.825461
259.154117
281.063669
386.942097
385.016164
350.618286
396.164782
350.606737
295.938047
240.818755
388.595495
365.962509
155.388967
187.770264
216.63741
311.351377
350.525278
372.616608
215.610484
264.144898
372.158984
344.529299
298.415248
402.149388
222.297238
361.625425
399.883346
241.021147
195.202995
253.383316
204.786601
336.387125
291.6933
356.011133
365.283781
346.502618
364.346236
381.948449
365.146025
402.847814
394.268063
401.391401
356.520288
397.103538
355.829109
300.385336
353.393243
277.227091
373.131761
374.705738
351.698711
344.727341
296.826882
350.239108
250.484401
368.917947
316.608817
220.179255
324.58832
389.033883
391.048584
294.127835
386.605415
320.78258
339.262925
254.548735
371.924408
407.30377
276.150481
341.075369
226.209201
347.554753
272.606404
188.301598
268.848747
353.306314
307.42504
166.441065
257.46002
356.81806
398.393133
389.88288
224.698762
319.879176
268.138823
378.587249
392.416262
314.737568
257.438007
360.669198
202.747712
335.797969
370.164346
285.971401
356.73185
398.211594
162.111344
218.830394
361.223637
268.589814
188.004947
337.365674
379.764071
390.89263
313.438588
309.591895
303.920189
360.071687
292.096197
348.51051
323.177165
256.809892
382.88062
301.123932
382.428471
331.594663
273.718383
184.470924
382.404888
150.343641
255.963673
338.897954
357.139168
393.404622
257.747539
384.705802
392.831942
359.704745
137.684685
407.258012
218.694797
344.439229
373.125585
365.881394
193.568258
350.511275
314.83124
97.205787
107.079007
373.00099
315.117775
210.623081
349.214539
259.271654
362.759514
206.523032
353.331749
174.232763
230.695585
299.959102
376.279347
302.340278
288.890384
268.334122
171.418
264.316252
290.50733
301.57111
244.643929
363.798599
321.165106
314.587684
281.952506
373.871352
403.307731
246.282156
239.511159
227.268733
320.37927
365.056802
371.89055
400.240041
307.020913
368.61121
271.850042
327.658306
268.721928
176.802843
352.18657
196.451128
342.040124
259.920987
371.424272
354.860225
285.501726
202.263721
314.491932
351.84371
305.322393
252.560553
238.010384
368.104198
408.093064
304.361509
287.38597
172.66883
381.459905
294.957715
379.249211
393.004279
187.295852
161.970327
319.962052
316.719126
349.430553
191.983634
318.931141
339.136574
158.063651
338.709172
262.090261
353.892153
309.830206
296.452177
265.387109
359.525631
376.759929
322.802177
290.370163
233.407368
293.868205
302.650762
295.652748
355.229831
327.412842
268.75556
385.238905
368.119214
334.679125
318.833169
354.340471
230.178239
317.385975
298.15663
317.623945
395.886638
326.431103
219.575183
269.442452
400.346212
408.917486
241.56733
380.509271
407.626261
192.735414
350.293894
342.73872
303.221012
238.971959
164.510995
367.655686
310.325772
255.192132
283.971744
245.815308
314.232767
368.396078
373.648737
378.16162
309.335186
239.657464
379.32456
321.908747
207.250091
394.333562
258.419761
256.505559
175.871126
352.646217
345.765632
385.274654
321.663743
346.334188
280.311759
377.380817
277.597078
384.276937
362.697678
376.806188
338.05785
352.668211
340.124563
408.217304
244.446403
112.223447
389.140361
264.34158
228.303243
277.750158
206.786645
337.962532
355.494995
290.743612
359.669455
388.511791
335.238869
228.540435
339.347731
350.983793
270.048389
276.872072
386.525337
292.32093
