Reg#  RType  BP(x,y,z)           Dim[m]          Orient          Grad B [T/m]  Spec   Loss    Depol   WPot[neV]  BPot[neV]  Scat   Absorb[1/s]   Det  PM  SM  LM  DM
0     2      0.0,0.0,0.0         0.43,0.68000    0.0,0.0,0.0     0.0,0.0,0.0   0.970  5.0e-4  1.0e-6  318.0      18.5       0.0    0.287         1    1   0   0   0
1     2      0.0,0.085,0.68      0.15,0.01000    0.0,0.0,0.0     0.0,0.0,0.0   0.970  5.0e-4  1.0e-6  318.0      18.5       0.0    0.287         1    1   0   0   0
2     2      *                   0.15,0.10000    0.0,0.0,0.0     0.0,0.0,0.0   0.970  5.0e-4  1.0e-6  318.0      18.5       0.0    0.287         1    1   0   0   0
3     2      *                   0.15,0.2022     0.0,-40.0,0.0   0.0,0.0,0.0   0.970  5.0e-4  1.0e-6  318.0      18.5       0.0    0.287         1    1   0   0   0
4     2      *                   0.15,0.2334     0.0,-40.0,0.0   0.0,0.0,0.0   0.970  5.0e-4  1.0e-6  318.0      0.0        0.0    0.0           0    0   0   0   0
5     2      *                   0.15,3.8000     0.0,0.0,0.0     0.0,0.0,0.0   0.970  5.0e-4  1.0e-6  318.0      0.0        0.0    0.0           0    0   0   0   0
6     2      *                   0.15,1e-5       0.0,0.0,0.0     0.0,0.0,0.0   0.970  5.0e-4  1.0e-6  318.0      54.0       0.0    2840.         2    4   0   0   0
7     2      *                   0.15,0.2000     0.0,0.0,0.0     0.0,0.0,0.0   0.970  5.0e-4  1.0e-6  318.0      0.0        0.0    0.0           0    0   0   0   0
8     2      *                   0.15,1.3400     0.0,-29.0,0.0   0.0,0.0,0.0   0.970  5.0e-4  1.0e-6  318.0      0.0        0.0    0.0           0    0   0   0   0
9     2      *                   0.15,0.2600     0.0,0.0,0.0     0.0,0.0,0.0   0.970  5.0e-4  1.0e-6  318.0      0.0        0.0    0.0           0    0   0   0   0
10    2      *                   2.00,2.0000     0.0,0.0,0.0     0.0,0.0,0.0   0.970  5.0e-4  1.0e-6  318.0      0.0        0.0    0.0           4    0   0   0   0
11    2      *                   2.00,0.0100     0.0,0.0,0.0     0.0,0.0,0.0   0.970  5.0e-4  1.0e-6  318.0      0.0        0.0    9999.         4    1   0   0   0
12    2      >0.0,41.0,4.00      0.10,1.0000     0.0,-90.0,0.0   0.0,0.0,0.0   0.970  5.0e-4  1.0e-6  318.0      0.0        0.0    0.0           0    0   0   0   0
13    2      *                   0.10,0.1000     0.0,-90.0,0.0   0.0,0.0,0.0   0.970  5.0e-4  1.0e-6  318.0      0.0        0.0    9999.         3    1   0   0   0
/
