Reg#  RType  BP(x,y,z)           Dim[m]          Orient        Grad B [T/m]  Spec   Loss    Depol   WPot[neV]  BPot[neV]  Scat   Absorb[1/s]   Det  PM  SM  LM  DM
0     2      0.0,0.0,0.0         0.36,0.40000   0.0,0.0,0.0    0.0,0.0,0.0   0.500  2.0e-4  1.0e-6  335.0      18.5       0.0    0.0           0    0   0   0   0
1     2      0.0,-0.08,0.40      0.18,0.90000   0.0,0.0,0.0    0.0,0.0,0.0   0.500  2.0e-4  1.0e-6  350.0      106.       0.04   22.2          0    0   0   0   0
2     2      *                   0.18,0.11      0.0,18.0,0.0   0.0,0.0,0.0   0.500  2.0e-4  1.0e-6  350.0      106.       0.04   22.2          0    0   0   0   0
3     2      *                   0.18,0.11      0.0,36.0,0.0   0.0,0.0,0.0   0.500  2.0e-4  1.0e-6  350.0      106.       0.04   22.2          0    0   0   0   0
4     2      *                   0.18,0.11      0.0,54.0,0.0   0.0,0.0,0.0   0.500  2.0e-4  1.0e-6  350.0      106.       0.04   22.2          0    0   0   0   0
5     2      *                   0.18,0.11      0.0,72.0,0.0   0.0,0.0,0.0   0.500  2.0e-4  1.0e-6  350.0      106.       0.04   22.2          0    0   0   0   0
6     2      *                   0.18,0.50      0.0,90.0,0.0   0.0,0.0,0.0   0.500  2.0e-4  1.0e-6  350.0      106.       0.04   22.2          0    0   0   0   0
7     2      0.0,0.01,1.10       0.14,0.20      0.0,-90.0,0.0  0.0,0.0,0.0   0.500  2.0e-4  1.0e-6  350.0      106.       0.04   22.2          0    0   0   0   0
/
