Reg#  RType  BP(x,y,z)           Dim[m]          Orient          Grad B [T/m]  Spec   Loss    Depol   WPot[neV]  BPot[neV]  Scat   Absorb[1/s]   Det  PM  SM  LM  DM
0     2      0.0,0.0,0.0         0.17,0.01000    0.0,-90.0,0.0   0.0,0.0,0.0   0.500  2.0e-4  1.0e-6  350.0      350.       0.0    0.0           0    0   0   0   0
1     2      *                   0.17,0.03900    0.0,-90.0,0.0   0.0,0.0,0.0   0.500  2.0e-4  1.0e-6  350.0      106.       0.04   22.2          2    4   0   0   0
2     2      *                   0.17,1.00e-5    0.0,-90.0,0.0   0.0,0.0,0.0   0.970  2.0e-4  1.0e-6  350.0      0.0        0.0    0.0           0    0   0   0   0
3     2      *                   0.17,1.00e-5    0.0,-90.0,0.0   0.0,0.0,0.0   0.500  2.0e-4  1.0e-6  350.0      106.       0.04   22.2          3    4   0   0   0
4     2      *                   0.17,1.00e-5    0.0,-90.0,0.0   0.0,0.0,0.0   0.970  2.0e-4  1.0e-6  350.0      0.0        0.0    0.0           0    0   0   0   0
5     2      *                   0.17,1.00e-5    0.0,-90.0,0.0   0.0,0.0,0.0   0.500  2.0e-4  1.0e-6  350.0      106.       0.04   22.2          3    4   0   0   0
6     2      *                   0.17,1.00e-5    0.0,-90.0,0.0   0.0,0.0,0.0   0.970  2.0e-4  1.0e-6  350.0      0.0        0.0    0.0           0    0   0   0   0
7     2      *                   0.17,1.00e-5    0.0,-90.0,0.0   0.0,0.0,0.0   0.500  2.0e-4  1.0e-6  350.0      106.       0.04   22.2          3    4   0   0   0
8     2      *                   0.17,1.00e-5    0.0,-90.0,0.0   0.0,0.0,0.0   0.970  2.0e-4  1.0e-6  350.0      0.0        0.0    0.0           0    0   0   0   0
9     2      *                   0.17,1.00e-5    0.0,-90.0,0.0   0.0,0.0,0.0   0.500  2.0e-4  1.0e-6  350.0      106.       0.04   22.2          3    4   0   0   0
10    2      *                   0.17,1.00e-5    0.0,-90.0,0.0   0.0,0.0,0.0   0.970  2.0e-4  1.0e-6  350.0      0.0        0.0    0.0           0    0   0   0   0
11    2      *                   0.17,1.00e-5    0.0,-90.0,0.0   0.0,0.0,0.0   0.500  2.0e-4  1.0e-6  350.0      106.       0.04   22.2          3    4   0   0   0
12    2      *                   0.17,1.00e-5    0.0,-90.0,0.0   0.0,0.0,0.0   0.970  2.0e-4  1.0e-6  350.0      0.0        0.0    0.0           0    0   0   0   0
13    2      *                   0.17,1.00e-5    0.0,-90.0,0.0   0.0,0.0,0.0   0.500  2.0e-4  1.0e-6  350.0      106.       0.04   22.2          3    4   0   0   0
14    2      *                   0.17,1.00e-5    0.0,-90.0,0.0   0.0,0.0,0.0   0.970  2.0e-4  1.0e-6  350.0      0.0        0.0    0.0           0    0   0   0   0
15    2      *                   0.17,1.00e-5    0.0,-90.0,0.0   0.0,0.0,0.0   0.500  2.0e-4  1.0e-6  350.0      106.       0.04   22.2          3    4   0   0   0
16    2      *                   0.17,1.00e-5    0.0,-90.0,0.0   0.0,0.0,0.0   0.970  2.0e-4  1.0e-6  350.0      0.0        0.0    0.0           0    0   0   0   0
17    2      *                   0.17,1.00e-5    0.0,-90.0,0.0   0.0,0.0,0.0   0.500  2.0e-4  1.0e-6  350.0      106.       0.04   22.2          3    4   0   0   0
18    2      *                   0.17,1.00e-5    0.0,-90.0,0.0   0.0,0.0,0.0   0.970  2.0e-4  1.0e-6  350.0      0.0        0.0    0.0           0    0   0   0   0
19    2      *                   0.17,1.00e-5    0.0,-90.0,0.0   0.0,0.0,0.0   0.500  2.0e-4  1.0e-6  350.0      106.       0.04   22.2          3    4   0   0   0
20    2      *                   0.17,1.00e-5    0.0,-90.0,0.0   0.0,0.0,0.0   0.970  2.0e-4  1.0e-6  350.0      0.0        0.0    0.0           0    0   0   0   0
21    2      *                   0.17,1.00e-5    0.0,-90.0,0.0   0.0,0.0,0.0   0.500  2.0e-4  1.0e-6  350.0      106.       0.04   22.2          3    4   0   0   0
22    2      *                   0.17,1.00e-5    0.0,-90.0,0.0   0.0,0.0,0.0   0.970  2.0e-4  1.0e-6  350.0      0.0        0.0    0.0           0    0   0   0   0
23    2      *                   0.17,1.00e-5    0.0,-90.0,0.0   0.0,0.0,0.0   0.500  2.0e-4  1.0e-6  350.0      106.       0.04   22.2          3    4   0   0   0
24    2      *                   0.17,1.00e-5    0.0,-90.0,0.0   0.0,0.0,0.0   0.970  2.0e-4  1.0e-6  350.0      0.0        0.0    0.0           0    0   0   0   0
25    2      *                   0.17,1.00e-5    0.0,-90.0,0.0   0.0,0.0,0.0   0.500  2.0e-4  1.0e-6  350.0      106.       0.04   22.2          3    4   0   0   0
26    2      *                   0.17,1.00e-5    0.0,-90.0,0.0   0.0,0.0,0.0   0.970  2.0e-4  1.0e-6  350.0      0.0        0.0    0.0           0    0   0   0   0
27    2      *                   0.17,1.00e-5    0.0,-90.0,0.0   0.0,0.0,0.0   0.500  2.0e-4  1.0e-6  350.0      106.       0.04   22.2          3    4   0   0   0
28    2      *                   0.17,1.00e-5    0.0,-90.0,0.0   0.0,0.0,0.0   0.970  2.0e-4  1.0e-6  350.0      0.0        0.0    0.0           0    0   0   0   0
29    2      *                   0.17,1.00e-5    0.0,-90.0,0.0   0.0,0.0,0.0   0.500  2.0e-4  1.0e-6  350.0      106.       0.04   22.2          3    4   0   0   0
30    2      *                   0.17,1.00e-5    0.0,-90.0,0.0   0.0,0.0,0.0   0.970  2.0e-4  1.0e-6  350.0      0.0        0.0    0.0           0    0   0   0   0
31    2      *                   0.17,1.00e-5    0.0,-90.0,0.0   0.0,0.0,0.0   0.500  2.0e-4  1.0e-6  350.0      106.       0.04   22.2          3    4   0   0   0
32    2      *                   0.17,1.00e-5    0.0,-90.0,0.0   0.0,0.0,0.0   0.970  2.0e-4  1.0e-6  350.0      0.0        0.0    0.0           0    0   0   0   0
33    2      *                   0.17,1.00e-5    0.0,-90.0,0.0   0.0,0.0,0.0   0.500  2.0e-4  1.0e-6  350.0      106.       0.04   22.2          3    4   0   0   0
34    2      *                   0.17,1.00e-5    0.0,-90.0,0.0   0.0,0.0,0.0   0.970  2.0e-4  1.0e-6  350.0      0.0        0.0    0.0           0    0   0   0   0
35    2      *                   0.17,1.00e-5    0.0,-90.0,0.0   0.0,0.0,0.0   0.500  2.0e-4  1.0e-6  350.0      106.       0.04   22.2          3    4   0   0   0
36    2      *                   0.17,1.00e-5    0.0,-90.0,0.0   0.0,0.0,0.0   0.970  2.0e-4  1.0e-6  350.0      0.0        0.0    0.0           0    0   0   0   0
37    2      *                   0.17,1.00e-5    0.0,-90.0,0.0   0.0,0.0,0.0   0.500  2.0e-4  1.0e-6  350.0      106.       0.04   22.2          3    4   0   0   0
38    2      *                   0.17,1.00e-5    0.0,-90.0,0.0   0.0,0.0,0.0   0.970  2.0e-4  1.0e-6  350.0      0.0        0.0    0.0           0    0   0   0   0
39    2      *                   0.17,1.00e-5    0.0,-90.0,0.0   0.0,0.0,0.0   0.500  2.0e-4  1.0e-6  350.0      106.       0.04   22.2          3    4   0   0   0
40    2      *                   0.17,1.00e-5    0.0,-90.0,0.0   0.0,0.0,0.0   0.970  2.0e-4  1.0e-6  350.0      0.0        0.0    0.0           0    0   0   0   0
41    2      *                   0.17,1.00e-5    0.0,-90.0,0.0   0.0,0.0,0.0   0.500  2.0e-4  1.0e-6  350.0      106.       0.04   22.2          3    4   0   0   0
42    2      *                   0.17,0.31000    0.0,-90.0,0.0   0.0,0.0,0.0   0.970  2.0e-4  1.0e-6  350.0      0.0        0.0    0.0           0    0   0   0   0
43    2      *                   0.17,0.14000    0.0,-50.0,0.0   0.0,0.0,0.0   0.970  2.0e-4  1.0e-6  350.0      0.0        0.0    0.0           0    0   0   0   0
44    2      *                   0.17,0.13000    0.0,-29.0,0.0   0.0,0.0,0.0   0.970  2.0e-4  1.0e-6  350.0      0.0        0.0    0.0           0    0   0   0   0
45    2      *                   0.17,0.33000    0.0,0.0,0.0     0.0,0.0,0.0   0.970  2.0e-4  1.0e-6  350.0      0.0        0.0    0.0           0    0   0   0   0
46    2      *                   0.17,5.00e-5    0.0,0.0,0.0     0.0,0.0,0.0   1.000  1.0e-3  1.0e-6  350.0      76.        0.0    2981.         0    2   0   0   0
47    2      *                   0.17,0.26322    0.0,0.0,0.0     0.0,0.0,0.0   0.970  2.0e-4  1.0e-6  350.0      0.0        0.0    0.0           0    0   0   0   0
48    2      *                   0.16,0.05000    0.0,0.0,0.0     0.0,0.0,0.0   0.970  2.0e-4  1.0e-6  350.0      0.0        0.0    0.0           0    0   0   0   0
49    2      *                   0.16,0.05000    0.0,0.0,0.0     0.0,0.0,0.0   0.500  2.0e-4  1.0e-6  350.0      0.0        0.0    0.0           0    0   0   0   0
50    2      *                   0.16,0.05000    50.0,-3.8,0.0   0.0,0.0,0.0   0.500  2.0e-4  1.0e-6  350.0      0.0        0.0    0.0           0    0   0   0   0
51    2      *                   0.16,0.60000    50.0,-3.8,0.0   0.0,0.0,0.0   0.970  2.0e-4  1.0e-6  350.0      0.0        0.0    0.0           0    0   0   0   0
52    2      *                   0.16,0.05000    50.0,-3.8,0.0   0.0,0.0,0.0   0.500  2.0e-4  1.0e-6  350.0      0.0        0.0    0.0           0    0   0   0   0
53    2      *                   0.16,0.05000    20.0,-2.5,0.0   0.0,0.0,0.0   0.500  2.0e-4  1.0e-6  350.0      0.0        0.0    0.0           0    0   0   0   0
54    2      *                   0.16,0.97000    20.0,-2.5,0.0   0.0,0.0,0.0   0.970  2.0e-4  1.0e-6  350.0      0.0        0.0    0.0           0    0   0   0   0
55    2      *                   0.16,0.05000    20.0,-2.5,0.0   0.0,0.0,0.0   0.500  2.0e-4  1.0e-6  350.0      0.0        0.0    0.0           0    0   0   0   0
56    2      *                   0.16,0.05000    58.0,11.2,0.0   0.0,0.0,0.0   0.500  2.0e-4  1.0e-6  350.0      0.0        0.0    0.0           0    0   0   0   0
57    2      *                   0.16,0.76000    58.0,11.2,0.0   0.0,0.0,0.0   0.970  2.0e-4  1.0e-6  350.0      0.0        0.0    0.0           0    0   0   0   0
58    2      *                   0.16,0.05000    58.0,11.2,0.0   0.0,0.0,0.0   0.500  2.0e-4  1.0e-6  350.0      0.0        0.0    0.0           0    0   0   0   0
59    2      *                   0.16,0.05000    20.0,0.0,0.0    0.0,0.0,0.0   0.500  2.0e-4  1.0e-6  350.0      0.0        0.0    0.0           0    0   0   0   0
60    2      *                   0.16,0.70000    20.0,0.0,0.0    0.0,0.0,0.0   0.970  2.0e-4  1.0e-6  350.0      0.0        0.0    0.0           0    0   0   0   0
61    2      *                   0.16,5.00e-5    20.0,0.0,0.0    0.0,0.0,0.0   1.000  1.0e-3  1.0e-6  350.0      76.        0.0    2981.         0    2   0   0   0
62    2      *                   0.16,0.01000    20.0,0.0,0.0    0.0,0.0,0.0   0.970  2.0e-4  1.0e-6  350.0      0.0        0.0    0.0           0    0   0   0   0
63    2      *                   0.16,0.10000    20.0,0.0,0.0    0.0,0.0,0.0   0.970  2.0e-4  1.0e-6  350.0      0.0        0.0    9999.         1    1   0   0   0
/