14,0.025659,0.000000,0.020939
14,0.019600,0.010000,0.014606
14,-0.004263,0.049000,-0.010335
14,-0.004263,0.049000,-0.010335
14,-0.004263,0.049000,-0.010335
14,-0.004263,0.049000,-0.010335
14,-0.082439,0.074586,-0.020708
14,-0.082439,0.074586,-0.020708
14,-0.082439,0.074586,-0.020708
14,0.075611,0.124021,0.038833
14,0.075611,0.124021,0.038833
14,0.075611,0.124021,0.038833
14,-0.064857,0.166146,-0.054942
14,-0.064857,0.166146,-0.054942
14,-0.064857,0.166146,-0.054942
14,0.050736,0.200960,0.068198
14,0.050736,0.200960,0.068198
14,0.050736,0.200960,0.068198
14,-0.033980,0.228464,-0.077913
14,-0.033980,0.228464,-0.077913
14,-0.033980,0.228464,-0.077913
14,0.015460,0.248657,0.083582
14,0.015460,0.248657,0.083582
14,0.015460,0.248657,0.083582
14,0.003863,0.261541,-0.084912
14,0.003863,0.261541,-0.084912
14,0.003863,0.261541,-0.084912
14,-0.022985,0.267114,0.081833
14,-0.022985,0.267114,0.081833
14,-0.022985,0.267114,0.081833
14,0.040914,0.265376,-0.074505
14,0.040914,0.265376,-0.074505
14,0.040914,0.265376,-0.074505
14,-0.056719,0.256328,0.063309
14,-0.056719,0.256328,0.063309
14,-0.056719,0.256328,0.063309
14,0.069578,0.239970,-0.048825
14,0.069578,0.239970,-0.048825
14,0.069578,0.239970,-0.048825
14,-0.078825,0.216302,0.031807
14,-0.078825,0.216302,0.031807
14,-0.078825,0.216302,0.031807
14,0.083979,0.185323,-0.013136
14,0.083979,0.185323,-0.013136
14,0.083979,0.185323,-0.013136
14,-0.084772,0.147033,-0.006216
14,-0.084772,0.147033,-0.006216
14,-0.084772,0.147033,-0.006216
14,0.081164,0.101434,0.025245
14,0.081164,0.101434,0.025245
14,0.081164,0.101434,0.025245
14,-0.072041,0.049000,-0.042390
14,-0.072041,0.049000,-0.042390
14,-0.072041,0.049000,-0.042390
14,-0.072041,0.049000,-0.042390
14,-0.074116,0.049907,-0.041615
14,-0.074116,0.049907,-0.041615
14,-0.074116,0.049907,-0.041615
14,-0.053353,0.093198,0.066170
14,-0.053353,0.093198,0.066170
14,-0.053353,0.093198,0.066170
14,0.056383,0.133245,0.063608
14,0.056383,0.133245,0.063608
14,0.056383,0.133245,0.063608
14,0.072093,0.170050,-0.045029
14,0.072093,0.170050,-0.045029
14,0.072093,0.170050,-0.045029
14,-0.020098,0.219734,0.082590
14,-0.020098,0.219734,0.082590
17,-0.070489,0.000000,0.026843
17,-0.078133,0.007208,0.033471
17,-0.078133,0.007208,0.033471
17,-0.078133,0.007208,0.033471
17,-0.074210,0.010000,0.033097
17,-0.018081,0.049000,0.027740
17,-0.018081,0.049000,0.027740
17,-0.018081,0.049000,0.027740
17,-0.018081,0.049000,0.027740
17,-0.083040,0.056019,0.018146
17,-0.083040,0.056019,0.018146
17,-0.083040,0.056019,0.018146
17,0.050223,0.066074,-0.068576
17,0.050223,0.066074,-0.068576
17,0.050223,0.066074,-0.068576
17,0.045597,0.049000,-0.054525
17,0.045597,0.049000,-0.054525
17,0.045597,0.049000,-0.054525
17,0.045597,0.049000,-0.054525
17,-0.030531,0.106594,-0.079327
17,-0.030531,0.106594,-0.079327
17,-0.030531,0.106594,-0.079327
17,-0.083896,0.177740,0.013652
17,-0.083896,0.177740,0.013652
17,-0.083896,0.177740,0.013652
17,0.062138,0.282560,0.057999
17,0.062138,0.282560,0.057999
76,0.070788,0.000000,0.005896
76,0.083780,0.009449,0.014349
76,0.083780,0.009449,0.014349
76,0.083780,0.009449,0.014349
76,0.082894,0.010000,0.014563
76,0.017716,0.049000,0.030343
76,0.017716,0.049000,0.030343
76,0.017716,0.049000,0.030343
76,0.017716,0.049000,0.030343
76,-0.081014,0.072572,-0.025724
76,-0.081014,0.072572,-0.025724
76,-0.081014,0.072572,-0.025724
76,0.084481,0.094633,-0.009380
76,0.084481,0.094633,-0.009380
76,0.084481,0.094633,-0.009380
76,-0.073398,0.101880,0.042868
76,-0.073398,0.101880,0.042868
76,-0.073398,0.101880,0.042868
76,0.049675,0.094312,-0.068974
76,0.049675,0.094312,-0.068974
76,0.049675,0.094312,-0.068974
76,-0.017397,0.071929,0.083201
76,-0.017397,0.071929,0.083201
76,-0.017397,0.071929,0.083201
76,-0.017715,0.049000,-0.026727
76,-0.017715,0.049000,-0.026727
76,-0.017715,0.049000,-0.026727
76,-0.017715,0.049000,-0.026727
76,-0.027818,0.099821,-0.080319
76,-0.027818,0.099821,-0.080319
76,-0.027818,0.099821,-0.080319
76,0.049910,0.238318,0.068804
76,0.049910,0.238318,0.068804
81,0.071594,0.000000,0.019182
81,0.067767,0.010000,0.003217
81,0.051448,0.049000,-0.064860
81,0.051448,0.049000,-0.064860
81,0.051448,0.049000,-0.064860
81,0.051448,0.049000,-0.064860
81,-0.005208,0.049000,-0.067753
81,-0.005208,0.049000,-0.067753
81,-0.005208,0.049000,-0.067753
81,-0.005208,0.049000,-0.067753
81,-0.027981,0.130094,0.080262
81,-0.027981,0.130094,0.080262
81,-0.027981,0.130094,0.080262
81,-0.042595,0.126441,0.073557
81,-0.042595,0.126441,0.073557
81,-0.042595,0.126441,0.073557
81,-0.055684,0.122484,0.064220
81,-0.055684,0.122484,0.064220
81,-0.055684,0.122484,0.064220
81,0.072607,0.137198,-0.044195
81,0.072607,0.137198,-0.044195
81,0.072607,0.137198,-0.044195
81,-0.082622,0.119659,0.019964
81,-0.082622,0.119659,0.019964
81,-0.082622,0.119659,0.019964
81,-0.044493,0.103434,0.072425
81,-0.044493,0.103434,0.072425
81,-0.044493,0.103434,0.072425
81,-0.021382,0.367935,-0.082267
81,-0.021382,0.367935,-0.082267
100,-0.034396,0.000000,0.017029
100,-0.042591,0.010000,0.000975
100,-0.068663,0.040581,-0.050104
100,-0.068663,0.040581,-0.050104
100,-0.068663,0.040581,-0.050104
100,-0.052440,0.049000,-0.047454
100,-0.052440,0.049000,-0.047454
100,-0.052440,0.049000,-0.047454
100,-0.052440,0.049000,-0.047454
100,-0.070863,0.058579,-0.046941
100,-0.070863,0.058579,-0.046941
100,-0.070863,0.058579,-0.046941
100,-0.020207,0.124508,0.082563
100,-0.020207,0.124508,0.082563
100,-0.020207,0.124508,0.082563
100,0.084532,0.179228,-0.008909
100,0.084532,0.179228,-0.008909
100,0.084532,0.179228,-0.008909
100,-0.036974,0.222739,-0.076537
100,-0.036974,0.222739,-0.076537
100,-0.036974,0.222739,-0.076537
100,-0.059521,0.255042,0.060681
100,-0.059521,0.255042,0.060681
100,-0.059521,0.255042,0.060681
100,0.077237,0.276135,0.035490
100,0.077237,0.276135,0.035490
100,0.077237,0.276135,0.035490
100,0.007275,0.286021,-0.084688
100,0.007275,0.286021,-0.084688
100,0.007275,0.286021,-0.084688
100,-0.082158,0.284697,0.021797
100,-0.082158,0.284697,0.021797
100,-0.082158,0.284697,0.021797
100,0.048300,0.272165,0.069944
100,0.048300,0.272165,0.069944
100,0.048300,0.272165,0.069944
100,0.049486,0.248424,-0.069110
100,0.049486,0.248424,-0.069110
100,0.049486,0.248424,-0.069110
100,-0.081774,0.213475,-0.023195
100,-0.081774,0.213475,-0.023195
100,-0.081774,0.213475,-0.023195
100,0.005829,0.167316,0.084800
100,0.005829,0.167316,0.084800
100,0.005829,0.167316,0.084800
100,0.077831,0.109949,-0.034167
100,0.077831,0.109949,-0.034167
100,0.077831,0.109949,-0.034167
100,-0.044353,0.049000,-0.058836
100,-0.044353,0.049000,-0.058836
100,-0.044353,0.049000,-0.058836
100,-0.044353,0.049000,-0.058836
100,-0.045565,0.099569,-0.071755
100,-0.045565,0.099569,-0.071755
100,-0.045565,0.099569,-0.071755
100,0.084844,0.595894,0.005144
100,0.084844,0.595894,0.005144
104,-0.004734,0.000000,0.056446
104,-0.007377,0.010000,0.058188
104,-0.017791,0.049000,0.065052
104,-0.017791,0.049000,0.065052
104,-0.017791,0.049000,0.065052
104,-0.017791,0.049000,0.065052
104,-0.056866,0.043597,0.063176
104,-0.056866,0.043597,0.063176
104,-0.056866,0.043597,0.063176
104,-0.073256,0.025584,-0.043111
104,-0.073256,0.025584,-0.043111
104,-0.073256,0.025584,-0.043111
104,-0.001708,0.010000,-0.069550
104,0.027619,0.002939,-0.080388
104,0.027619,0.002939,-0.080388
104,0.027619,0.002939,-0.080388
104,0.019921,0.010000,-0.081114
104,-0.012089,0.038912,-0.084136
104,-0.012089,0.038912,-0.084136
104,-0.012089,0.038912,-0.084136
104,-0.049135,0.073773,-0.069359
104,-0.049135,0.073773,-0.069359
104,-0.049135,0.073773,-0.069359
104,-0.075363,0.107522,-0.039311
104,-0.075363,0.107522,-0.039311
104,-0.075363,0.107522,-0.039311
104,-0.084998,0.140160,-0.000608
104,-0.084998,0.140160,-0.000608
104,-0.084998,0.140160,-0.000608
104,0.080271,0.253962,-0.027956
104,0.080271,0.253962,-0.027956
108,-0.027227,-0.000000,-0.050634
108,-0.040477,0.010000,-0.043078
108,-0.082872,0.041607,-0.018902
108,-0.082872,0.041607,-0.018902
108,-0.082872,0.041607,-0.018902
108,0.003539,0.049000,-0.049074
108,0.003539,0.049000,-0.049074
108,0.003539,0.049000,-0.049074
108,0.003539,0.049000,-0.049074
108,-0.050738,0.045580,-0.068195
108,-0.050738,0.045580,-0.068195
108,-0.050738,0.045580,-0.068195
108,-0.044079,0.034729,0.072678
108,-0.044079,0.034729,0.072678
108,-0.044079,0.034729,0.072678
108,0.083925,0.020370,0.013477
108,0.083925,0.020370,0.013477
108,0.083925,0.020370,0.013477
108,0.021714,0.010000,-0.044670
108,-0.019108,0.002501,-0.082825
108,-0.019108,0.002501,-0.082825
108,-0.019108,0.002501,-0.082825
108,-0.024731,0.010000,-0.054434
108,-0.049237,0.040872,0.069287
108,-0.049237,0.040872,0.069287
108,-0.049237,0.040872,0.069287
108,-0.021818,0.311360,-0.082152
108,-0.021818,0.311360,-0.082152
135,0.044734,-0.000000,-0.050538
135,0.051786,0.010000,-0.028963
135,0.074581,0.040879,0.040775
135,0.074581,0.040879,0.040775
135,0.074581,0.040879,0.040775
135,0.055015,0.049000,0.045860
135,0.055015,0.049000,0.045860
135,0.055015,0.049000,0.045860
135,0.055015,0.049000,0.045860
135,-0.049207,0.092022,0.069308
135,-0.049207,0.092022,0.069308
135,-0.049207,0.092022,0.069308
135,-0.063680,0.136783,-0.056302
135,-0.063680,0.136783,-0.056302
135,-0.063680,0.136783,-0.056302
135,0.017593,0.172356,-0.083159
135,0.017593,0.172356,-0.083159
135,0.017593,0.172356,-0.083159
135,0.081025,0.204643,-0.025688
135,0.081025,0.204643,-0.025688
135,0.081025,0.204643,-0.025688
135,0.062293,0.233644,0.057833
135,0.062293,0.233644,0.057833
135,0.062293,0.233644,0.057833
135,-0.019609,0.259359,0.082707
135,-0.019609,0.259359,0.082707
135,-0.019609,0.259359,0.082707
135,-0.081626,0.281787,0.023711
135,-0.081626,0.281787,0.023711
135,-0.081626,0.281787,0.023711
135,-0.060869,0.300929,-0.059330
135,-0.060869,0.300929,-0.059330
135,-0.060869,0.300929,-0.059330
135,0.021613,0.316786,-0.082206
135,0.021613,0.316786,-0.082206
135,0.021613,0.316786,-0.082206
135,0.082178,0.329355,-0.021720
135,0.082178,0.329355,-0.021720
135,0.082178,0.329355,-0.021720
135,0.059409,0.338639,0.060791
135,0.059409,0.338639,0.060791
135,0.059409,0.338639,0.060791
135,-0.023605,0.344637,0.081657
135,-0.023605,0.344637,0.081657
135,-0.023605,0.344637,0.081657
135,-0.082682,0.347348,0.019717
135,-0.082682,0.347348,0.019717
135,-0.082682,0.347348,0.019717
135,-0.057914,0.346773,-0.062217
135,-0.057914,0.346773,-0.062217
135,-0.057914,0.346773,-0.062217
135,0.025582,0.342913,-0.081059
135,0.025582,0.342913,-0.081059
135,0.025582,0.342913,-0.081059
135,0.083136,0.335765,-0.017702
135,0.083136,0.335765,-0.017702
135,0.083136,0.335765,-0.017702
135,0.056385,0.325332,0.063606
135,0.056385,0.325332,0.063606
135,0.056385,0.325332,0.063606
135,-0.027545,0.311613,0.080413
135,-0.027545,0.311613,0.080413
135,-0.027545,0.311613,0.080413
135,-0.083542,0.294607,0.015676
135,-0.083542,0.294607,0.015676
135,-0.083542,0.294607,0.015676
135,-0.054822,0.274315,-0.064958
135,-0.054822,0.274315,-0.064958
135,-0.054822,0.274315,-0.064958
135,0.029491,0.250737,-0.079720
135,0.029491,0.250737,-0.079720
135,0.029491,0.250737,-0.079720
135,0.083898,0.223873,-0.013641
135,0.083898,0.223873,-0.013641
135,0.083898,0.223873,-0.013641
135,0.053227,0.193723,0.066271
135,0.053227,0.193723,0.066271
135,0.053227,0.193723,0.066271
135,-0.031420,0.160286,0.078980
135,-0.031420,0.160286,0.078980
135,-0.031420,0.160286,0.078980
135,-0.084205,0.123563,0.011598
135,-0.084205,0.123563,0.011598
135,-0.084205,0.123563,0.011598
135,-0.051601,0.083554,-0.067545
135,-0.051601,0.083554,-0.067545
135,-0.051601,0.083554,-0.067545
135,0.016691,0.049000,-0.076107
135,0.016691,0.049000,-0.076107
135,0.016691,0.049000,-0.076107
135,0.016691,0.049000,-0.076107
135,-0.075784,0.198805,-0.038494
135,-0.075784,0.198805,-0.038494
135,-0.075784,0.198805,-0.038494
135,-0.048815,0.351651,0.069585
135,-0.048815,0.351651,0.069585
224,-0.009244,0.000000,0.001668
224,-0.007750,0.010000,0.007337
224,-0.001875,0.049000,0.029631
224,-0.001875,0.049000,0.029631
224,-0.001875,0.049000,0.029631
224,-0.001875,0.049000,0.029631
224,-0.079625,0.047102,0.029748
224,-0.079625,0.047102,0.029748
224,-0.079625,0.047102,0.029748
224,0.040838,0.038331,-0.074547
224,0.040838,0.038331,-0.074547
224,0.040838,0.038331,-0.074547
224,0.017797,0.022999,0.083116
224,0.017797,0.022999,0.083116
224,0.017797,0.022999,0.083116
224,-0.036004,0.010000,-0.001380
224,-0.067782,0.001104,-0.051290
224,-0.067782,0.001104,-0.051290
224,-0.067782,0.001104,-0.051290
224,-0.059777,0.010000,-0.051399
224,0.066358,0.145409,-0.053119
224,0.066358,0.145409,-0.053119
224,0.066358,0.145409,-0.053119
224,0.035206,0.279549,0.077366
224,0.035206,0.279549,0.077366
269,0.023347,-0.000000,-0.062726
269,-0.014041,0.010000,-0.078411
269,-0.022512,0.012228,-0.081965
269,-0.022512,0.012228,-0.081965
269,-0.022512,0.012228,-0.081965
269,-0.084967,0.036688,0.002360
269,-0.084967,0.036688,0.002360
269,-0.084967,0.036688,0.002360
269,-0.049183,0.049000,0.045450
269,-0.049183,0.049000,0.045450
269,-0.049183,0.049000,0.045450
269,-0.049183,0.049000,0.045450
269,-0.050232,0.046571,0.068569
269,-0.050232,0.046571,0.068569
269,-0.050232,0.046571,0.068569
269,0.082658,0.029856,0.019816
269,0.082658,0.029856,0.019816
269,0.082658,0.029856,0.019816
269,-0.013426,0.010000,-0.083615
269,-0.013683,0.009943,-0.083891
269,-0.013683,0.009943,-0.083891
269,-0.013683,0.009943,-0.083891
269,-0.013657,0.010000,-0.083787
269,0.027000,0.097539,0.080598
269,0.027000,0.097539,0.080598
269,0.027000,0.097539,0.080598
269,-0.039613,0.179379,-0.075205
269,-0.039613,0.179379,-0.075205
269,-0.039613,0.179379,-0.075205
269,0.051195,0.255463,0.067853
269,0.051195,0.255463,0.067853
276,0.024013,0.000000,0.001798
276,0.019467,0.010000,-0.026407
276,0.010121,0.029272,-0.084395
276,0.010121,0.029272,-0.084395
276,0.010121,0.029272,-0.084395
276,-0.015682,0.049000,-0.023110
276,-0.015682,0.049000,-0.023110
276,-0.015682,0.049000,-0.023110
276,-0.015682,0.049000,-0.023110
276,-0.017247,0.074051,0.083232
276,-0.017247,0.074051,0.083232
276,-0.017247,0.074051,0.083232
276,0.046833,0.102029,-0.070934
276,0.046833,0.102029,-0.070934
276,0.046833,0.102029,-0.070934
276,-0.069765,0.116141,0.048558
276,-0.069765,0.116141,0.048558
276,-0.069765,0.116141,0.048558
276,0.082784,0.116390,-0.019281
276,0.082784,0.116390,-0.019281
276,0.082784,0.116390,-0.019281
276,-0.084041,0.102774,-0.012734
276,-0.084041,0.102774,-0.012734
276,-0.084041,0.102774,-0.012734
276,0.073356,0.075293,0.042941
276,0.073356,0.075293,0.042941
276,0.073356,0.075293,0.042941
276,-0.011157,0.049000,-0.031064
276,-0.011157,0.049000,-0.031064
276,-0.011157,0.049000,-0.031064
276,-0.011157,0.049000,-0.031064
276,-0.084253,0.063487,0.011240
276,-0.084253,0.063487,0.011240
276,-0.084253,0.063487,0.011240
276,0.067595,0.081277,0.051536
276,0.067595,0.081277,0.051536
276,0.067595,0.081277,0.051536
276,0.055744,0.098308,-0.064169
276,0.055744,0.098308,-0.064169
276,0.055744,0.098308,-0.064169
276,0.085000,0.115856,0.000147
276,0.085000,0.115856,0.000147
276,0.085000,0.115856,0.000147
276,0.055521,0.130796,0.064362
276,0.055521,0.130796,0.064362
276,0.055521,0.130796,0.064362
276,-0.063276,0.264228,-0.056755
276,-0.063276,0.264228,-0.056755
282,-0.036916,-0.000000,-0.016881
282,-0.031518,0.010000,-0.016956
282,-0.010360,0.049000,-0.017248
282,-0.010360,0.049000,-0.017248
282,-0.010360,0.049000,-0.017248
282,-0.010360,0.049000,-0.017248
282,-0.082579,0.037752,-0.020141
282,-0.082579,0.037752,-0.020141
282,-0.082579,0.037752,-0.020141
282,0.061081,0.035827,0.059111
282,0.061081,0.035827,0.059111
282,0.061081,0.035827,0.059111
282,-0.022836,0.029616,-0.081875
282,-0.022836,0.029616,-0.081875
282,-0.022836,0.029616,-0.081875
282,-0.021669,0.019118,0.082191
282,-0.021669,0.019118,0.082191
282,-0.021669,0.019118,0.082191
282,0.031548,0.010000,-0.010182
282,0.060234,0.004334,-0.059974
282,0.060234,0.004334,-0.059974
282,0.060234,0.004334,-0.059974
282,0.062468,0.010000,-0.045475
282,0.075495,0.042256,0.039057
282,0.075495,0.042256,0.039057
282,0.075495,0.042256,0.039057
282,0.013509,0.188667,0.083920
282,0.013509,0.188667,0.083920
335,0.072596,-0.000000,-0.009022
335,0.073060,0.010000,-0.015633
335,0.074797,0.046948,-0.040378
335,0.074797,0.046948,-0.040378
335,0.074797,0.046948,-0.040378
335,0.073582,0.049000,-0.041058
335,0.073582,0.049000,-0.041058
335,0.073582,0.049000,-0.041058
335,0.073582,0.049000,-0.041058
335,0.068608,0.048279,-0.050179
335,0.068608,0.048279,-0.050179
335,0.068608,0.048279,-0.050179
335,0.053112,0.046579,-0.066363
335,0.053112,0.046579,-0.066363
335,0.053112,0.046579,-0.066363
335,0.033925,0.044682,-0.077936
335,0.033925,0.044682,-0.077936
335,0.033925,0.044682,-0.077936
335,0.012381,0.042587,-0.084093
335,0.012381,0.042587,-0.084093
335,0.012381,0.042587,-0.084093
335,-0.010023,0.040294,-0.084407
335,-0.010023,0.040294,-0.084407
335,-0.010023,0.040294,-0.084407
335,-0.031731,0.037804,-0.078855
335,-0.031731,0.037804,-0.078855
335,-0.031731,0.037804,-0.078855
335,-0.051234,0.035116,-0.067824
335,-0.051234,0.035116,-0.067824
335,-0.051234,0.035116,-0.067824
335,-0.067177,0.032231,-0.052080
335,-0.067177,0.032231,-0.052080
335,-0.067177,0.032231,-0.052080
335,-0.078452,0.029148,-0.032716
335,-0.078452,0.029148,-0.032716
335,-0.078452,0.029148,-0.032716
335,-0.084275,0.025868,-0.011080
335,-0.084275,0.025868,-0.011080
335,-0.084275,0.025868,-0.011080
335,-0.084242,0.022390,0.011327
335,-0.084242,0.022390,0.011327
335,-0.084242,0.022390,0.011327
335,-0.078355,0.018714,0.032946
335,-0.078355,0.018714,0.032946
335,-0.078355,0.018714,0.032946
335,-0.067024,0.014841,0.052277
335,-0.067024,0.014841,0.052277
335,-0.067024,0.014841,0.052277
335,-0.051035,0.010770,0.067974
335,-0.051035,0.010770,0.067974
335,-0.051035,0.010770,0.067974
335,-0.047443,0.010000,0.069992
335,-0.031499,0.006502,0.078948
335,-0.031499,0.006502,0.078948
335,-0.031499,0.006502,0.078948
335,-0.009775,0.002036,0.084436
335,-0.009775,0.002036,0.084436
335,-0.009775,0.002036,0.084436
335,-0.001787,0.010000,0.052534
335,0.031166,0.038269,-0.079080
335,0.031166,0.038269,-0.079080
335,0.031166,0.038269,-0.079080
335,-0.050460,0.063101,0.068402
335,-0.050460,0.063101,0.068402
335,-0.050460,0.063101,0.068402
335,0.019916,0.218191,-0.082634
335,0.019916,0.218191,-0.082634
341,0.007820,-0.000000,-0.057706
341,0.017120,0.010000,-0.078383
341,0.019117,0.012085,-0.082822
341,0.019117,0.012085,-0.082822
341,0.019117,0.012085,-0.082822
341,-0.059352,0.049000,-0.033241
341,-0.059352,0.049000,-0.033241
341,-0.059352,0.049000,-0.033241
341,-0.059352,0.049000,-0.033241
341,-0.073310,0.095693,0.043019
341,-0.073310,0.095693,0.043019
341,-0.073310,0.095693,0.043019
341,0.031785,0.150071,0.078833
341,0.031785,0.150071,0.078833
341,0.031785,0.150071,0.078833
341,0.082647,0.189736,-0.019862
341,0.082647,0.189736,-0.019862
341,0.082647,0.189736,-0.019862
341,-0.007508,0.214690,-0.084668
341,-0.007508,0.214690,-0.084668
341,-0.007508,0.214690,-0.084668
341,-0.084852,0.224931,-0.005010
341,-0.084852,0.224931,-0.005010
341,-0.084852,0.224931,-0.005010
341,-0.017418,0.220460,0.083196
341,-0.017418,0.220460,0.083196
341,-0.017418,0.220460,0.083196
341,0.079736,0.201276,0.029448
341,0.079736,0.201276,0.029448
341,0.079736,0.201276,0.029448
341,0.040840,0.167380,-0.074546
341,0.040840,0.167380,-0.074546
341,0.040840,0.167380,-0.074546
341,-0.067739,0.118772,-0.051346
341,-0.067739,0.118772,-0.051346
341,-0.067739,0.118772,-0.051346
341,-0.060739,0.055452,0.059463
341,-0.060739,0.055452,0.059463
341,-0.060739,0.055452,0.059463
341,-0.050734,0.049000,0.060308
341,-0.050734,0.049000,0.060308
341,-0.050734,0.049000,0.060308
341,-0.050734,0.049000,0.060308
341,-0.058115,0.056079,0.062029
341,-0.058115,0.056079,0.062029
341,-0.058115,0.056079,0.062029
341,-0.035048,0.171456,-0.077438
341,-0.035048,0.171456,-0.077438
341,-0.035048,0.171456,-0.077438
341,0.084956,0.255210,-0.002724
341,0.084956,0.255210,-0.002724
423,0.079577,-0.000000,-0.000740
423,0.074186,0.010000,-0.009038
423,0.051780,0.049000,-0.043521
423,0.051780,0.049000,-0.043521
423,0.051780,0.049000,-0.043521
423,0.051780,0.049000,-0.043521
423,-0.011605,0.096699,0.084204
423,-0.011605,0.096699,0.084204
423,-0.011605,0.096699,0.084204
423,-0.041526,0.110867,-0.074166
423,-0.041526,0.110867,-0.074166
423,-0.041526,0.110867,-0.074166
423,0.077854,0.082857,0.034115
423,0.077854,0.082857,0.034115
423,0.077854,0.082857,0.034115
423,-0.011486,0.049000,0.026115
423,-0.011486,0.049000,0.026115
423,-0.011486,0.049000,0.026115
423,-0.011486,0.049000,0.026115
423,-0.082083,0.077193,0.022076
423,-0.082083,0.077193,0.022076
423,-0.082083,0.077193,0.022076
423,0.070741,0.201795,0.047125
423,0.070741,0.201795,0.047125
423,0.070741,0.201795,0.047125
423,-0.011252,0.253437,-0.084252
423,-0.011252,0.253437,-0.084252
430,0.018494,0.000000,0.080140
430,0.034529,0.010000,0.024913
430,0.059412,0.024395,-0.060788
430,0.059412,0.024395,-0.060788
430,0.059412,0.024395,-0.060788
430,-0.083535,0.045497,-0.015711
430,-0.083535,0.045497,-0.015711
430,-0.083535,0.045497,-0.015711
430,-0.061792,0.049000,0.001775
430,-0.061792,0.049000,0.001775
430,-0.061792,0.049000,0.001775
430,-0.061792,0.049000,0.001775
430,-0.083606,0.049385,0.015331
430,-0.083606,0.049385,0.015331
430,-0.083606,0.049385,0.015331
430,0.071653,0.049299,0.045725
430,0.071653,0.049299,0.045725
430,0.071653,0.049299,0.045725
430,0.060337,0.049000,0.030143
430,0.060337,0.049000,0.030143
430,0.060337,0.049000,0.030143
430,0.060337,0.049000,0.030143
430,0.044476,0.087787,0.072435
430,0.044476,0.087787,0.072435
430,0.044476,0.087787,0.072435
430,-0.059295,0.175137,0.060902
430,-0.059295,0.175137,0.060902
430,-0.059295,0.175137,0.060902
430,-0.073599,0.259265,-0.042523
430,-0.073599,0.259265,-0.042523
446,0.056170,0.000000,0.030522
446,0.051426,0.010000,0.041858
446,0.036901,0.039966,0.076572
446,0.036901,0.039966,0.076572
446,0.036901,0.039966,0.076572
446,0.025745,0.049000,0.073408
446,0.025745,0.049000,0.073408
446,0.025745,0.049000,0.073408
446,0.025745,0.049000,0.073408
446,-0.010750,0.040270,0.084318
446,-0.010750,0.040270,0.084318
446,-0.010750,0.040270,0.084318
446,-0.069698,0.022790,0.048653
446,-0.069698,0.022790,0.048653
446,-0.069698,0.022790,0.048653
446,-0.052316,0.049000,0.035318
446,-0.052316,0.049000,0.035318
446,-0.052316,0.049000,0.035318
446,-0.052316,0.049000,0.035318
446,-0.073850,0.064576,0.042085
446,-0.073850,0.064576,0.042085
446,-0.073850,0.064576,0.042085
446,0.049792,0.169034,-0.068890
446,0.049792,0.169034,-0.068890
446,0.049792,0.169034,-0.068890
446,-0.016793,0.255557,0.083325
446,-0.016793,0.255557,0.083325
484,-0.038897,-0.000000,-0.045994
484,-0.052243,0.010000,-0.051897
484,-0.063263,0.018210,-0.056770
484,-0.063263,0.018210,-0.056770
484,-0.063263,0.018210,-0.056770
484,-0.040357,0.049000,-0.017175
484,-0.040357,0.049000,-0.017175
484,-0.040357,0.049000,-0.017175
484,-0.040357,0.049000,-0.017175
484,-0.078377,0.051552,0.032895
484,-0.078377,0.051552,0.032895
484,-0.078377,0.051552,0.032895
484,0.067638,0.054441,0.051479
484,0.067638,0.054441,0.051479
484,0.067638,0.054441,0.051479
484,0.010826,0.053006,-0.084308
484,0.010826,0.053006,-0.084308
484,0.010826,0.053006,-0.084308
484,-0.057333,0.049000,0.005039
484,-0.057333,0.049000,0.005039
484,-0.057333,0.049000,0.005039
484,-0.057333,0.049000,0.005039
484,-0.079972,0.050073,-0.028801
484,-0.079972,0.050073,-0.028801
484,-0.079972,0.050073,-0.028801
484,0.051132,0.051258,-0.067901
484,0.051132,0.051258,-0.067901
484,0.051132,0.051258,-0.067901
484,0.084986,0.103909,0.001519
484,0.084986,0.103909,0.001519
484,0.084986,0.103909,0.001519
484,0.048673,0.154800,0.069685
484,0.048673,0.154800,0.069685
484,0.048673,0.154800,0.069685
484,0.054840,0.132157,-0.064943
484,0.054840,0.132157,-0.064943
484,0.054840,0.132157,-0.064943
484,-0.054923,0.227238,0.064873
484,-0.054923,0.227238,0.064873
489,-0.059424,0.000000,0.033296
489,-0.073433,0.010000,0.036610
489,-0.076375,0.012095,0.037307
489,-0.076375,0.012095,0.037307
489,-0.076375,0.012095,0.037307
489,-0.034426,0.049000,0.003631
489,-0.034426,0.049000,0.003631
489,-0.034426,0.049000,0.003631
489,-0.034426,0.049000,0.003631
489,-0.073648,0.052791,-0.042438
489,-0.073648,0.052791,-0.042438
489,-0.073648,0.052791,-0.042438
489,0.083877,0.060002,-0.013772
489,0.083877,0.060002,-0.013772
489,0.083877,0.060002,-0.013772
489,-0.056211,0.063116,0.063760
489,-0.056211,0.063116,0.063760
489,-0.056211,0.063116,0.063760
489,0.003151,0.062134,-0.084942
489,0.003151,0.062134,-0.084942
489,0.003151,0.062134,-0.084942
489,0.051334,0.057056,0.067748
489,0.051334,0.057056,0.067748
489,0.051334,0.057056,0.067748
489,-0.069026,0.049000,-0.011044
489,-0.069026,0.049000,-0.011044
489,-0.069026,0.049000,-0.011044
489,-0.069026,0.049000,-0.011044
489,-0.084000,0.058049,-0.012999
489,-0.084000,0.058049,-0.012999
489,-0.084000,0.058049,-0.012999
489,0.083289,0.156486,0.016968
489,0.083289,0.156486,0.016968
489,0.083289,0.156486,0.016968
489,-0.082391,0.248670,-0.020899
489,-0.082391,0.248670,-0.020899
502,0.013041,0.000000,0.047684
502,0.009305,0.010000,0.049088
502,-0.005339,0.049000,0.054590
502,-0.005339,0.049000,0.054590
502,-0.005339,0.049000,0.054590
502,-0.005339,0.049000,0.054590
502,-0.063392,0.010000,0.049320
502,-0.069628,0.005760,0.048754
502,-0.069628,0.005760,0.048754
502,-0.069628,0.005760,0.048754
502,0.032657,0.010000,0.058221
502,0.059497,0.010811,0.060705
502,0.059497,0.010811,0.060705
502,0.059497,0.010811,0.060705
502,0.062888,0.159370,-0.057185
502,0.062888,0.159370,-0.057185
502,0.062888,0.159370,-0.057185
502,-0.054792,0.301554,-0.064983
502,-0.054792,0.301554,-0.064983
505,0.080933,-0.000000,-0.010033
505,0.084215,0.003330,-0.011525
505,0.084215,0.003330,-0.011525
505,0.084215,0.003330,-0.011525
505,0.077023,0.010000,-0.012646
505,0.033361,0.049000,-0.019449
505,0.033361,0.049000,-0.019449
505,0.033361,0.049000,-0.019449
505,0.033361,0.049000,-0.019449
505,-0.061152,0.129842,-0.059037
505,-0.061152,0.129842,-0.059037
505,-0.061152,0.129842,-0.059037
505,0.005157,0.227593,0.084843
505,0.005157,0.227593,0.084843
505,0.005157,0.227593,0.084843
505,0.053552,0.292268,-0.066009
505,0.053552,0.292268,-0.066009
505,0.053552,0.292268,-0.066009
505,-0.084438,0.266234,-0.009757
505,-0.084438,0.266234,-0.009757
505,-0.084438,0.266234,-0.009757
505,0.037087,0.213220,0.076482
505,0.037087,0.213220,0.076482
505,0.037087,0.213220,0.076482
505,0.044627,0.133225,-0.072342
505,0.044627,0.133225,-0.072342
505,0.044627,0.133225,-0.072342
505,-0.059971,0.049000,-0.013018
505,-0.059971,0.049000,-0.013018
505,-0.059971,0.049000,-0.013018
505,-0.059971,0.049000,-0.013018
505,-0.072813,0.091160,-0.043856
505,-0.072813,0.091160,-0.043856
505,-0.072813,0.091160,-0.043856
505,0.057362,0.146388,0.062727
505,0.057362,0.146388,0.062727
505,0.057362,0.146388,0.062727
505,-0.037188,0.174797,-0.076433
505,-0.037188,0.174797,-0.076433
505,-0.037188,0.174797,-0.076433
505,0.037628,0.272085,0.076217
505,0.037628,0.272085,0.076217
517,0.007143,-0.000000,-0.065139
517,0.005100,0.010000,-0.056745
517,-0.002927,0.049000,-0.023752
517,-0.002927,0.049000,-0.023752
517,-0.002927,0.049000,-0.023752
517,-0.002927,0.049000,-0.023752
517,-0.076529,0.049000,-0.023335
517,-0.076529,0.049000,-0.023335
517,-0.076529,0.049000,-0.023335
517,-0.076529,0.049000,-0.023335
517,-0.082183,0.045648,-0.021702
517,-0.082183,0.045648,-0.021702
517,-0.082183,0.045648,-0.021702
517,-0.072302,0.049000,-0.012109
517,-0.072302,0.049000,-0.012109
517,-0.072302,0.049000,-0.012109
517,-0.072302,0.049000,-0.012109
517,-0.084936,0.051231,-0.003290
517,-0.084936,0.051231,-0.003290
517,-0.084936,0.051231,-0.003290
517,-0.084033,0.049000,-0.004431
517,-0.084033,0.049000,-0.004431
517,-0.084033,0.049000,-0.004431
517,-0.084033,0.049000,-0.004431
517,-0.084888,0.049118,-0.004371
517,-0.084888,0.049118,-0.004371
517,-0.084888,0.049118,-0.004371
517,-0.084334,0.049000,-0.004772
517,-0.084334,0.049000,-0.004772
517,-0.084334,0.049000,-0.004772
517,-0.084334,0.049000,-0.004772
517,-0.084899,0.049189,-0.004142
517,-0.084899,0.049189,-0.004142
517,-0.084899,0.049189,-0.004142
517,-0.021488,0.071954,0.082239
517,-0.021488,0.071954,0.082239
517,-0.021488,0.071954,0.082239
517,0.076074,0.092540,0.037917
517,0.076074,0.092540,0.037917
517,0.076074,0.092540,0.037917
517,0.052731,0.110947,-0.066667
517,0.052731,0.110947,-0.066667
517,0.052731,0.110947,-0.066667
517,-0.054418,0.127175,-0.065297
517,-0.054418,0.127175,-0.065297
517,-0.054418,0.127175,-0.065297
517,-0.075080,0.141223,0.039849
517,-0.075080,0.141223,0.039849
517,-0.075080,0.141223,0.039849
517,0.023582,0.153093,0.081663
517,0.023582,0.153093,0.081663
517,0.023582,0.153093,0.081663
517,0.084765,0.162783,-0.006310
517,0.084765,0.162783,-0.006310
517,0.084765,0.162783,-0.006310
517,0.011231,0.170295,-0.084255
517,0.011231,0.170295,-0.084255
517,0.011231,0.170295,-0.084255
517,-0.080153,0.175627,-0.028293
517,-0.080153,0.175627,-0.028293
517,-0.080153,0.175627,-0.028293
517,-0.044149,0.178780,0.072635
517,-0.044149,0.178780,0.072635
517,-0.044149,0.178780,0.072635
517,0.062021,0.179754,0.058124
517,0.062021,0.179754,0.058124
517,0.062021,0.179754,0.058124
517,0.069621,0.178548,-0.048764
517,0.069621,0.178548,-0.048764
517,0.069621,0.178548,-0.048764
517,-0.033428,0.175164,-0.078151
517,-0.033428,0.175164,-0.078151
517,-0.033428,0.175164,-0.078151
517,-0.083350,0.169600,0.016667
517,-0.083350,0.169600,0.016667
517,-0.083350,0.169600,0.016667
517,-0.000803,0.161857,0.084996
517,-0.000803,0.161857,0.084996
517,-0.000803,0.161857,0.084996
517,0.083020,0.151935,0.018240
517,0.083020,0.151935,0.018240
517,0.083020,0.151935,0.018240
517,0.034899,0.139834,-0.077505
517,0.034899,0.139834,-0.077505
517,0.034899,0.139834,-0.077505
517,-0.068687,0.125554,-0.050071
517,-0.068687,0.125554,-0.050071
517,-0.068687,0.125554,-0.050071
517,-0.063109,0.109095,0.056941
517,-0.063109,0.109095,0.056941
517,-0.063109,0.109095,0.056941
517,0.042768,0.090456,0.073457
517,0.042768,0.090456,0.073457
517,0.042768,0.090456,0.073457
517,0.080674,0.069639,-0.026772
517,0.080674,0.069639,-0.026772
517,0.080674,0.069639,-0.026772
517,-0.000755,0.049000,-0.078780
517,-0.000755,0.049000,-0.078780
517,-0.000755,0.049000,-0.078780
517,-0.000755,0.049000,-0.078780
517,-0.032478,0.053592,-0.078551
517,-0.032478,0.053592,-0.078551
517,-0.032478,0.053592,-0.078551
517,0.048031,0.098186,0.070128
517,0.048031,0.098186,0.070128
517,0.048031,0.098186,0.070128
517,-0.061505,0.137197,-0.058669
517,-0.061505,0.137197,-0.058669
517,-0.061505,0.137197,-0.058669
517,0.072316,0.170623,0.044670
517,0.072316,0.170623,0.044670
517,0.072316,0.170623,0.044670
517,-0.079995,0.198465,-0.028736
517,-0.079995,0.198465,-0.028736
517,-0.079995,0.198465,-0.028736
517,0.084210,0.220724,0.011558
517,0.084210,0.220724,0.011558
525,-0.042603,0.000000,0.065508
525,-0.019424,0.006344,0.082751
525,-0.019424,0.006344,0.082751
525,-0.019424,0.006344,0.082751
525,-0.002035,0.010000,0.079614
525,0.047116,0.019410,0.070747
525,0.047116,0.019410,0.070747
525,0.047116,0.019410,0.070747
525,0.083843,0.029978,0.013978
525,0.083843,0.029978,0.013978
525,0.083843,0.029978,0.013978
525,0.067519,0.038047,-0.051635
525,0.067519,0.038047,-0.051635
525,0.067519,0.038047,-0.051635
525,0.064182,0.049000,-0.037829
525,0.064182,0.049000,-0.037829
525,0.064182,0.049000,-0.037829
525,0.064182,0.049000,-0.037829
525,-0.073697,0.053391,-0.042354
525,-0.073697,0.053391,-0.042354
525,-0.073697,0.053391,-0.042354
525,-0.012187,0.049000,0.055674
525,-0.012187,0.049000,0.055674
525,-0.012187,0.049000,0.055674
525,-0.012187,0.049000,0.055674
525,-0.078972,0.171978,0.031439
525,-0.078972,0.171978,0.031439
525,-0.078972,0.171978,0.031439
525,-0.022018,0.362286,-0.082099
525,-0.022018,0.362286,-0.082099
562,0.031760,0.000000,0.054976
562,0.020916,0.010000,0.056524
562,-0.021794,0.049000,0.062621
562,-0.021794,0.049000,0.062621
562,-0.021794,0.049000,0.062621
562,-0.021794,0.049000,0.062621
562,-0.029517,0.084124,-0.079711
562,-0.029517,0.084124,-0.079711
562,-0.029517,0.084124,-0.079711
562,0.069412,0.119286,0.049061
562,0.069412,0.119286,0.049061
562,0.069412,0.119286,0.049061
562,-0.084991,0.149282,-0.001224
562,-0.084991,0.149282,-0.001224
562,-0.084991,0.149282,-0.001224
562,0.070797,0.174110,-0.047041
562,0.070797,0.174110,-0.047041
562,0.070797,0.174110,-0.047041
562,-0.031801,0.193772,0.078827
562,-0.031801,0.193772,0.078827
562,-0.031801,0.193772,0.078827
562,-0.018336,0.208266,-0.082999
562,-0.018336,0.208266,-0.082999
562,-0.018336,0.208266,-0.082999
562,0.062049,0.217593,0.058095
562,0.062049,0.217593,0.058095
562,0.062049,0.217593,0.058095
562,-0.084025,0.221753,-0.012839
562,-0.084025,0.221753,-0.012839
562,-0.084025,0.221753,-0.012839
562,0.076566,0.220747,-0.036915
562,0.076566,0.220747,-0.036915
562,0.076566,0.220747,-0.036915
562,-0.042284,0.214573,0.073736
562,-0.042284,0.214573,0.073736
562,-0.042284,0.214573,0.073736
562,-0.006810,0.203232,-0.084727
562,-0.006810,0.203232,-0.084727
562,-0.006810,0.203232,-0.084727
562,0.053519,0.186724,0.066036
562,0.053519,0.186724,0.066036
562,0.053519,0.186724,0.066036
562,-0.081479,0.165049,-0.024212
562,-0.081479,0.165049,-0.024212
562,-0.081479,0.165049,-0.024212
562,0.080895,0.138207,-0.026094
562,0.080895,0.138207,-0.026094
562,0.080895,0.138207,-0.026094
562,-0.051973,0.106198,0.067259
562,-0.051973,0.106198,0.067259
562,-0.051973,0.106198,0.067259
562,0.004844,0.069022,-0.084862
562,0.004844,0.069022,-0.084862
562,0.004844,0.069022,-0.084862
562,0.023948,0.049000,-0.007937
562,0.023948,0.049000,-0.007937
562,0.023948,0.049000,-0.007937
562,0.023948,0.049000,-0.007937
562,-0.081487,0.057108,-0.024184
562,-0.081487,0.057108,-0.024184
562,-0.081487,0.057108,-0.024184
562,0.048778,0.067339,-0.069611
562,0.048778,0.067339,-0.069611
562,0.048778,0.067339,-0.069611
562,0.050548,0.074041,0.068336
562,0.050548,0.074041,0.068336
562,0.050548,0.074041,0.068336
562,-0.080839,0.077213,0.026267
562,-0.080839,0.077213,0.026267
562,-0.080839,0.077213,0.026267
562,-0.000072,0.139993,0.085000
562,-0.000072,0.139993,0.085000
562,-0.000072,0.139993,0.085000
562,-0.079373,0.177996,0.030412
562,-0.079373,0.177996,0.030412
562,-0.079373,0.177996,0.030412
562,-0.056851,0.213950,-0.063190
562,-0.056851,0.213950,-0.063190
562,-0.056851,0.213950,-0.063190
562,0.038602,0.247856,-0.075729
562,0.038602,0.247856,-0.075729
650,0.005395,0.000000,0.021527
650,-0.008040,0.010000,0.012763
650,-0.061928,0.049000,-0.022390
650,-0.061928,0.049000,-0.022390
650,-0.061928,0.049000,-0.022390
650,-0.061928,0.049000,-0.022390
650,-0.076894,0.052937,-0.036225
650,-0.076894,0.052937,-0.036225
650,-0.076894,0.052937,-0.036225
650,0.083753,0.079359,-0.014504
650,0.083753,0.079359,-0.014504
650,0.083753,0.079359,-0.014504
650,-0.060235,0.097090,0.059973
650,-0.060235,0.097090,0.059973
650,-0.060235,0.097090,0.059973
650,0.014868,0.106129,-0.083689
650,0.014868,0.106129,-0.083689
650,0.014868,0.106129,-0.083689
650,0.035891,0.106477,0.077051
650,0.035891,0.106477,0.077051
650,0.035891,0.106477,0.077051
650,-0.073632,0.098134,-0.042466
650,-0.073632,0.098134,-0.042466
650,-0.073632,0.098134,-0.042466
650,0.084666,0.081099,-0.007522
650,0.084666,0.081099,-0.007522
650,0.084666,0.081099,-0.007522
650,-0.064992,0.055373,0.054782
650,-0.064992,0.055373,0.054782
650,-0.064992,0.055373,0.054782
650,-0.047140,0.049000,0.026594
650,-0.047140,0.049000,0.026594
650,-0.047140,0.049000,0.026594
650,-0.047140,0.049000,0.026594
650,-0.072967,0.052523,0.043599
650,-0.072967,0.052523,0.043599
650,-0.072967,0.052523,0.043599
650,0.076492,0.066370,-0.037068
650,0.076492,0.066370,-0.037068
650,0.076492,0.066370,-0.037068
650,-0.084999,0.412666,-0.000500
650,-0.084999,0.412666,-0.000500
659,-0.025190,0.000000,0.030513
659,-0.028223,0.010000,0.029771
659,-0.040132,0.049000,0.026857
659,-0.040132,0.049000,0.026857
659,-0.040132,0.049000,0.026857
659,-0.040132,0.049000,0.026857
659,-0.082088,0.104044,0.022058
659,-0.082088,0.104044,0.022058
659,-0.082088,0.104044,0.022058
659,-0.052721,0.070742,-0.066674
659,-0.052721,0.070742,-0.066674
659,-0.052721,0.070742,-0.066674
659,0.004529,0.049000,-0.071664
659,0.004529,0.049000,-0.071664
659,0.004529,0.049000,-0.071664
659,0.004529,0.049000,-0.071664
659,-0.073402,0.149467,-0.042862
659,-0.073402,0.149467,-0.042862
659,-0.073402,0.149467,-0.042862
659,-0.056226,0.273418,0.063746
659,-0.056226,0.273418,0.063746
720,0.052802,0.000000,0.016055
720,0.043804,0.010000,0.013915
720,0.006106,0.049000,0.004951
720,0.006106,0.049000,0.004951
720,0.006106,0.049000,0.004951
720,0.006106,0.049000,0.004951
720,-0.068208,0.227098,-0.050722
720,-0.068208,0.227098,-0.050722
720,-0.068208,0.227098,-0.050722
720,0.068566,0.295517,0.050236
720,0.068566,0.295517,0.050236
720,0.068566,0.295517,0.050236
720,-0.062984,0.049000,-0.045430
720,-0.062984,0.049000,-0.045430
720,-0.062984,0.049000,-0.045430
720,-0.062984,0.049000,-0.045430
720,-0.065153,0.310269,0.054590
720,-0.065153,0.310269,0.054590
836,-0.003906,0.000000,0.076522
836,-0.004848,0.010000,0.067341
836,-0.008598,0.049000,0.030792
836,-0.008598,0.049000,0.030792
836,-0.008598,0.049000,0.030792
836,-0.008598,0.049000,0.030792
836,-0.009392,0.050461,0.084480
836,-0.009392,0.050461,0.084480
836,-0.009392,0.050461,0.084480
836,0.014985,0.049000,-0.031800
836,0.014985,0.049000,-0.031800
836,0.014985,0.049000,-0.031800
836,0.014985,0.049000,-0.031800
836,-0.002681,0.101084,-0.084958
836,-0.002681,0.101084,-0.084958
836,-0.002681,0.101084,-0.084958
836,-0.044215,0.236987,0.072595
836,-0.044215,0.236987,0.072595
892,-0.050223,0.000000,0.058598
892,-0.057974,0.010000,0.056109
892,-0.066034,0.020357,0.053522
892,-0.066034,0.020357,0.053522
892,-0.066034,0.020357,0.053522
892,-0.068438,0.049000,0.030055
892,-0.068438,0.049000,0.030055
892,-0.068438,0.049000,0.030055
892,-0.068438,0.049000,0.030055
892,-0.079929,0.050362,0.028920
892,-0.079929,0.050362,0.028920
892,-0.079929,0.050362,0.028920
892,0.027727,0.065432,-0.080351
892,0.027727,0.065432,-0.080351
892,0.027727,0.065432,-0.080351
892,0.045084,0.074867,0.072058
892,0.045084,0.074867,0.072058
892,0.045084,0.074867,0.072058
892,-0.084385,0.078667,-0.010207
892,-0.084385,0.078667,-0.010207
892,-0.084385,0.078667,-0.010207
892,0.060964,0.076831,-0.059231
892,0.060964,0.076831,-0.059231
892,0.060964,0.076831,-0.059231
892,0.007770,0.069361,0.084644
892,0.007770,0.069361,0.084644
892,0.007770,0.069361,0.084644
892,-0.070729,0.056256,-0.047143
892,-0.070729,0.056256,-0.047143
892,-0.070729,0.056256,-0.047143
892,-0.006365,0.049000,-0.037926
892,-0.006365,0.049000,-0.037926
892,-0.006365,0.049000,-0.037926
892,-0.006365,0.049000,-0.037926
892,-0.029793,0.083670,-0.079607
892,-0.029793,0.083670,-0.079607
892,-0.029793,0.083670,-0.079607
892,0.063246,0.056400,-0.056789
892,0.063246,0.056400,-0.056789
892,0.063246,0.056400,-0.056789
892,0.030580,0.298470,0.079309
892,0.030580,0.298470,0.079309
893,-0.054346,-0.000000,-0.043177
893,-0.059435,0.010000,-0.050304
893,-0.063701,0.018337,-0.056278
893,-0.063701,0.018337,-0.056278
893,-0.063701,0.018337,-0.056278
893,-0.039673,0.049000,-0.043262
893,-0.039673,0.049000,-0.043262
893,-0.039673,0.049000,-0.043262
893,-0.039673,0.049000,-0.043262
893,-0.077279,0.066713,-0.035397
893,-0.077279,0.066713,-0.035397
893,-0.077279,0.066713,-0.035397
893,-0.011029,0.124686,0.084281
893,-0.011029,0.124686,0.084281
893,-0.011029,0.124686,0.084281
893,0.083785,0.174706,-0.014321
893,0.083785,0.174706,-0.014321
893,0.083785,0.174706,-0.014321
893,-0.038397,0.216774,-0.075833
893,-0.038397,0.216774,-0.075833
893,-0.038397,0.216774,-0.075833
893,-0.061134,0.250888,0.059056
893,-0.061134,0.250888,0.059056
893,-0.061134,0.250888,0.059056
893,0.074460,0.277050,0.040996
893,0.074460,0.277050,0.040996
893,0.074460,0.277050,0.040996
893,0.017209,0.295258,-0.083240
893,0.017209,0.295258,-0.083240
893,0.017209,0.295258,-0.083240
893,-0.084612,0.305514,0.008108
893,-0.084612,0.305514,0.008108
893,-0.084612,0.305514,0.008108
893,0.032704,0.307817,0.078457
893,0.032704,0.307817,0.078457
893,0.032704,0.307817,0.078457
893,0.065320,0.302166,-0.054390
893,0.065320,0.302166,-0.054390
893,0.065320,0.302166,-0.054390
893,-0.071237,0.288563,-0.046371
893,-0.071237,0.288563,-0.046371
893,-0.071237,0.288563,-0.046371
893,-0.023296,0.267007,0.081745
893,-0.023296,0.267007,0.081745
893,-0.023296,0.267007,0.081745
893,0.084980,0.237498,-0.001851
893,0.084980,0.237498,-0.001851
893,0.084980,0.237498,-0.001851
893,-0.026834,0.200036,-0.080653
893,-0.026834,0.200036,-0.080653
893,-0.026834,0.200036,-0.080653
893,-0.069150,0.154621,0.049429
893,-0.069150,0.154621,0.049429
893,-0.069150,0.154621,0.049429
893,0.067626,0.101254,0.051494
893,0.067626,0.101254,0.051494
893,0.067626,0.101254,0.051494
893,0.034631,0.049000,-0.061417
893,0.034631,0.049000,-0.061417
893,0.034631,0.049000,-0.061417
893,0.034631,0.049000,-0.061417
893,-0.069362,0.086630,-0.049132
893,-0.069362,0.086630,-0.049132
893,-0.069362,0.086630,-0.049132
893,-0.041739,0.126182,0.074046
893,-0.041739,0.126182,0.074046
893,-0.041739,0.126182,0.074046
893,0.034301,0.293658,-0.077772
893,0.034301,0.293658,-0.077772
907,-0.038450,-0.000000,-0.060571
907,-0.015828,0.010000,-0.049361
907,0.077868,0.049000,-0.002931
907,0.077868,0.049000,-0.002931
907,0.077868,0.049000,-0.002931
907,0.077868,0.049000,-0.002931
907,-0.027595,0.010000,-0.060450
907,-0.046826,0.002350,-0.070939
907,-0.046826,0.002350,-0.070939
907,-0.046826,0.002350,-0.070939
907,-0.029174,0.010000,-0.073522
907,0.024539,0.032562,-0.081381
907,0.024539,0.032562,-0.081381
907,0.024539,0.032562,-0.081381
907,0.078236,0.060875,-0.033228
907,0.078236,0.060875,-0.033228
907,0.078236,0.060875,-0.033228
907,-0.040935,0.177324,0.074494
907,-0.040935,0.177324,0.074494
907,-0.040935,0.177324,0.074494
907,-0.013896,0.280717,-0.083856
907,-0.013896,0.280717,-0.083856
920,-0.036741,0.000000,0.047220
920,-0.029667,0.010000,0.046292
920,-0.000992,0.049000,0.042528
920,-0.000992,0.049000,0.042528
920,-0.000992,0.049000,0.042528
920,-0.000992,0.049000,0.042528
920,-0.077200,0.146955,0.035569
920,-0.077200,0.146955,0.035569
920,-0.077200,0.146955,0.035569
920,0.007929,0.282301,-0.084629
920,0.007929,0.282301,-0.084629
920,0.007929,0.282301,-0.084629
920,0.069249,0.347636,0.049290
920,0.069249,0.347636,0.049290
920,0.069249,0.347636,0.049290
920,-0.077366,0.342961,0.035206
920,-0.077366,0.342961,0.035206
920,-0.077366,0.342961,0.035206
920,0.008327,0.268276,-0.084591
920,0.008327,0.268276,-0.084591
920,0.008327,0.268276,-0.084591
920,0.069017,0.123580,0.049615
920,0.069017,0.123580,0.049615
920,0.069017,0.123580,0.049615
920,0.012450,0.049000,0.043913
920,0.012450,0.049000,0.043913
920,0.012450,0.049000,0.043913
920,0.012450,0.049000,0.043913
920,-0.019349,0.179876,0.082768
920,-0.019349,0.179876,0.082768
920,-0.019349,0.179876,0.082768
920,0.084246,0.201017,0.011293
920,0.084246,0.201017,0.011293
920,0.084246,0.201017,0.011293
920,0.003133,0.196343,-0.084942
920,0.003133,0.196343,-0.084942
920,0.003133,0.196343,-0.084942
920,-0.084849,0.165854,0.005057
920,-0.084849,0.165854,0.005057
920,-0.084849,0.165854,0.005057
920,0.072646,0.267041,0.044131
920,0.072646,0.267041,0.044131
950,-0.042715,0.000000,0.036596
950,-0.054620,0.004720,0.065128
950,-0.054620,0.004720,0.065128
950,-0.054620,0.004720,0.065128
950,-0.042765,0.010000,0.060397
950,0.047220,0.049000,0.024484
950,0.047220,0.049000,0.024484
950,0.047220,0.049000,0.024484
950,0.047220,0.049000,0.024484
950,-0.084259,0.061370,0.011200
950,-0.084259,0.061370,0.011200
950,-0.084259,0.061370,0.011200
950,0.070257,0.072475,-0.047843
950,0.070257,0.072475,-0.047843
950,0.070257,0.072475,-0.047843
950,-0.041292,0.078711,0.074297
950,-0.041292,0.078711,0.074297
950,-0.041292,0.078711,0.074297
950,0.003532,0.080077,-0.084927
950,0.003532,0.080077,-0.084927
950,0.003532,0.080077,-0.084927
950,0.034980,0.076574,0.077469
950,0.034980,0.076574,0.077469
950,0.034980,0.076574,0.077469
950,-0.066041,0.068202,-0.053512
950,-0.066041,0.068202,-0.053512
950,-0.066041,0.068202,-0.053512
950,0.083038,0.054961,0.018158
950,0.083038,0.054961,0.018158
950,0.083038,0.054961,0.018158
950,0.023479,0.049000,0.019204
950,0.023479,0.049000,0.019204
950,0.023479,0.049000,0.019204
950,0.023479,0.049000,0.019204
950,-0.079377,0.314555,-0.030403
950,-0.079377,0.314555,-0.030403
